
ALL WIN21-MAX, WIN21-MIN, WIN51-MAX, WIN51-MIN data lines for each sequence
output header lines flagged by each data type for grep purposes

WHOLE-SEQ, ORF-ID,K-R,D-E,naa,totperc,A,C,D,E,F,G,H,I,K,L,M,N,P,Q,R,S,T,V,W,Y,K+R,D+E,K+R-D-E,K+R+D+E,F+W+Y,pI,KyteDoo,abs-charge,FoldIndex,disorder,entropy,betapropensity

WIN21-MAX, ORF-ID,K-R,D-E,naa,totperc,A,C,D,E,F,G,H,I,K,L,M,N,P,Q,R,S,T,V,W,Y,K+R,D+E,K+R-D-E,K+R+D+E,F+W+Y,pI,KyteDoo,abs-charge,FoldIndex,disorder,entropy,betapropensity

WIN21-MIN, ORF-ID,K-R,D-E,naa,totperc,A,C,D,E,F,G,H,I,K,L,M,N,P,Q,R,S,T,V,W,Y,K+R,D+E,K+R-D-E,K+R+D+E,F+W+Y,pI,KyteDoo,abs-charge,FoldIndex,disorder,entropy,betapropensity

WIN51-MAX, ORF-ID,K-R,D-E,naa,totperc,A,C,D,E,F,G,H,I,K,L,M,N,P,Q,R,S,T,V,W,Y,K+R,D+E,K+R-D-E,K+R+D+E,F+W+Y,pI,KyteDoo,abs-charge,FoldIndex,disorder,entropy,betapropensity

WIN51-MIN, ORF-ID,K-R,D-E,naa,totperc,A,C,D,E,F,G,H,I,K,L,M,N,P,Q,R,S,T,V,W,Y,K+R,D+E,K+R-D-E,K+R+D+E,F+W+Y,pI,KyteDoo,abs-charge,FoldIndex,disorder,entropy,betapropensity


WHOLE-SEQ,>sample0,   0.00,  -1.52,  263, 100.00, 14.83,  0.38,  0.38,  1.90,  3.42,  1.52,  1.90,  2.66,  1.14, 19.01,  1.90,  4.56,  8.37, 18.25,  1.14,  6.08,  3.80,  5.70,  0.00,  3.04,   2.28,   2.28,   0.00,   4.56,   6.46,  8.05,   0.522,   0.000,   0.304,  -0.123,    3.560,    0.957
WIN21-MAX,>sample0,   4.76,   4.76,   21, 100.00, 33.33,  4.76,  4.76,  9.52,  9.52,  9.52, 14.29,  9.52,  4.76, 33.33,  9.52, 14.29, 23.81, 38.10,  4.76, 19.05, 14.29, 14.29,  0.00,  9.52,   9.52,   9.52,   9.52,  14.29,  14.29, 14.00,   0.722,   0.095,   0.860,   0.042,    3.690,    1.096
WIN21-MIN,>sample0,  -4.76,  -9.52,   21, 100.00,  0.00,  0.00,  0.00,  0.00,  0.00,  0.00,  0.00,  0.00,  0.00,  0.00,  0.00,  0.00,  0.00,  0.00,  0.00,  0.00,  0.00,  0.00,  0.00,  0.00,   0.00,   0.00,  -9.52,   0.00,   0.00,  1.00,   0.387,   0.000,  -0.120,  -0.261,    2.453,    0.848
WIN51-MAX,>sample0,   1.96,   1.96,   51, 100.00, 19.61,  1.96,  1.96,  5.88,  5.88,  3.92,  7.84,  5.88,  3.92, 23.53,  3.92, 11.76, 13.73, 31.37,  3.92,  9.80,  7.84, 11.76,  0.00,  5.88,   5.88,   5.88,   5.88,   7.84,   9.80, 12.00,   0.606,   0.059,   0.497,  -0.081,    3.642,    1.018
WIN51-MIN,>sample0,  -3.92,  -5.88,   51, 100.00,  0.00,  0.00,  0.00,  0.00,  0.00,  0.00,  0.00,  0.00,  0.00,  0.00,  0.00,  0.00,  0.00,  0.00,  0.00,  0.00,  0.00,  0.00,  0.00,  0.00,   0.00,   0.00,  -5.88,   0.00,   1.96,  1.00,   0.433,   0.000,   0.047,  -0.165,    2.984,    0.907

WHOLE-SEQ,>sample1,  -1.52,   0.00,  263, 100.00, 15.21,  0.38,  0.76,  0.76,  2.66,  1.52,  2.28,  3.04,  0.38, 18.63,  1.90,  4.56,  8.37, 19.01,  1.90,  6.46,  3.04,  6.08,  0.00,  3.04,   2.28,   1.52,   0.76,   3.80,   5.70,  9.56,   0.521,   0.008,   0.293,  -0.122,    3.525,    0.956
WIN21-MAX,>sample1,   4.76,   4.76,   21, 100.00, 33.33,  4.76,  4.76,  4.76,  9.52,  9.52,  9.52, 14.29,  4.76, 33.33,  9.52, 14.29, 23.81, 47.62,  9.52, 19.05, 14.29, 14.29,  0.00,  9.52,   9.52,   4.76,   4.76,  14.29,  14.29, 14.00,   0.715,   0.048,   0.807,   0.042,    3.630,    1.061
WIN21-MIN,>sample1,  -9.52,  -4.76,   21, 100.00,  0.00,  0.00,  0.00,  0.00,  0.00,  0.00,  0.00,  0.00,  0.00,  0.00,  0.00,  0.00,  0.00,  0.00,  0.00,  0.00,  0.00,  0.00,  0.00,  0.00,   0.00,   0.00,  -4.76,   0.00,   0.00,  1.00,   0.380,   0.000,  -0.139,  -0.230,    2.256,    0.833
WIN51-MAX,>sample1,   1.96,   1.96,   51, 100.00, 21.57,  1.96,  1.96,  1.96,  5.88,  3.92,  5.88,  7.84,  1.96, 25.49,  3.92,  9.80, 13.73, 31.37,  5.88, 11.76,  7.84, 11.76,  0.00,  5.88,   5.88,   3.92,   3.92,   7.84,   9.80, 14.00,   0.604,   0.039,   0.512,  -0.062,    3.650,    1.001
WIN51-MIN,>sample1,  -5.88,  -1.96,   51, 100.00,  0.00,  0.00,  0.00,  0.00,  0.00,  0.00,  0.00,  0.00,  0.00,  0.00,  0.00,  0.00,  0.00,  0.00,  0.00,  0.00,  0.00,  0.00,  0.00,  0.00,   0.00,   0.00,  -3.92,   1.96,   0.00,  1.00,   0.407,   0.000,  -0.057,  -0.171,    2.796,    0.906

WHOLE-SEQ,>sample2,  -0.76,   0.76,  263, 100.00, 15.21,  0.38,  1.90,  1.14,  3.42,  1.52,  1.14,  3.42,  0.76, 18.25,  1.14,  4.56,  7.98, 18.25,  1.52,  6.46,  3.42,  6.46,  0.00,  3.04,   2.28,   3.04,  -0.76,   5.32,   6.46,  6.07,   0.526,   0.008,   0.305,  -0.123,    3.565,    0.964
WIN21-MAX,>sample2,   4.76,   9.52,   21, 100.00, 33.33,  4.76,  9.52,  9.52,  9.52,  9.52,  4.76, 14.29,  4.76, 28.57,  4.76, 14.29, 19.05, 47.62,  4.76, 19.05, 14.29, 14.29,  0.00,  9.52,   9.52,  14.29,   4.76,  14.29,  14.29, 14.00,   0.679,   0.143,   0.741,   0.011,    3.690,    1.079
WIN21-MIN,>sample2,  -4.76,  -4.76,   21, 100.00,  0.00,  0.00,  0.00,  0.00,  0.00,  0.00,  0.00,  0.00,  0.00,  0.00,  0.00,  0.00,  0.00,  0.00,  0.00,  0.00,  0.00,  0.00,  0.00,  0.00,   0.00,   0.00, -14.29,   0.00,   0.00,  1.00,   0.373,   0.000,  -0.160,  -0.216,    2.256,    0.827
WIN51-MAX,>sample2,   1.96,   3.92,   51, 100.00, 21.57,  1.96,  5.88,  3.92,  5.88,  3.92,  3.92,  7.84,  3.92, 23.53,  3.92, 11.76, 11.76, 31.37,  3.92, 11.76,  7.84, 13.73,  0.00,  5.88,   5.88,   9.80,   1.96,   9.80,   9.80, 14.00,   0.584,   0.098,   0.475,  -0.080,    3.846,    1.008
WIN51-MIN,>sample2,  -1.96,  -1.96,   51, 100.00,  0.00,  0.00,  0.00,  0.00,  0.00,  0.00,  0.00,  0.00,  0.00,  0.00,  0.00,  0.00,  0.00,  0.00,  0.00,  0.00,  0.00,  0.00,  0.00,  0.00,   0.00,   0.00,  -9.80,   0.00,   1.96,  1.00,   0.456,   0.000,   0.065,  -0.176,    2.850,    0.911

WHOLE-SEQ,>sample3,  -0.76,  -0.76,  263, 100.00, 14.83,  0.38,  0.00,  0.76,  3.04,  1.52,  3.04,  3.42,  0.76, 19.39,  1.90,  4.94,  7.98, 18.63,  1.52,  6.46,  3.80,  4.94,  0.00,  2.66,   2.28,   0.76,   1.52,   3.04,   5.70, 10.06,   0.522,   0.015,   0.289,  -0.123,    3.516,    0.957
WIN21-MAX,>sample3,   9.52,   0.00,   21, 100.00, 33.33,  4.76,  0.00,  4.76,  9.52,  9.52,  9.52, 14.29,  9.52, 33.33,  9.52, 14.29, 23.81, 42.86,  9.52, 19.05, 14.29, 14.29,  0.00,  9.52,   9.52,   4.76,   9.52,  14.29,  14.29, 14.00,   0.719,   0.095,   0.804,   0.042,    3.726,    1.065
WIN21-MIN,>sample3,  -9.52,  -4.76,   21, 100.00,  0.00,  0.00,  0.00,  0.00,  0.00,  0.00,  0.00,  0.00,  0.00,  0.00,  0.00,  0.00,  0.00,  0.00,  0.00,  0.00,  0.00,  0.00,  0.00,  0.00,   0.00,   0.00,  -4.76,   0.00,   0.00,  1.00,   0.386,   0.000,  -0.124,  -0.237,    2.256,    0.826
WIN51-MAX,>sample3,   3.92,   0.00,   51, 100.00, 21.57,  1.96,  0.00,  3.92,  5.88,  3.92,  9.80,  7.84,  3.92, 25.49,  3.92, 11.76, 13.73, 29.41,  3.92, 11.76,  7.84, 13.73,  0.00,  5.88,   5.88,   3.92,   3.92,   7.84,   9.80, 12.01,   0.601,   0.039,   0.502,  -0.070,    3.698,    1.017
WIN51-MIN,>sample3,  -3.92,  -3.92,   51, 100.00,  0.00,  0.00,  0.00,  0.00,  0.00,  0.00,  0.00,  0.00,  0.00,  0.00,  0.00,  0.00,  0.00,  0.00,  0.00,  0.00,  0.00,  0.00,  0.00,  0.00,   0.00,   0.00,  -1.96,   0.00,   0.00,  1.00,   0.441,   0.000,   0.057,  -0.172,    2.900,    0.900

WHOLE-SEQ,>sample4,   0.00,  -0.76,  263, 100.00, 14.83,  0.38,  0.00,  0.76,  3.42,  1.52,  2.66,  3.42,  1.52, 19.01,  1.90,  4.94,  6.84, 17.87,  1.52,  6.46,  3.42,  6.46,  0.00,  3.04,   3.04,   0.76,   2.28,   3.80,   6.46, 10.19,   0.532,   0.023,   0.308,  -0.135,    3.558,    0.979
WIN21-MAX,>sample4,   9.52,   0.00,   21, 100.00, 33.33,  4.76,  0.00,  4.76,  9.52,  9.52,  9.52, 14.29,  9.52, 33.33,  9.52, 14.29, 19.05, 38.10,  4.76, 19.05, 14.29, 14.29,  0.00,  9.52,  14.29,   4.76,  14.29,  14.29,  14.29, 14.00,   0.735,   0.143,   0.896,   0.008,    3.690,    1.090
WIN21-MIN,>sample4,  -4.76,  -4.76,   21, 100.00,  0.00,  0.00,  0.00,  0.00,  0.00,  0.00,  0.00,  0.00,  0.00,  0.00,  0.00,  0.00,  0.00,  0.00,  0.00,  0.00,  0.00,  0.00,  0.00,  0.00,   0.00,   0.00,  -4.76,   0.00,   0.00,  1.00,   0.381,   0.000,  -0.184,  -0.261,    2.256,    0.848
WIN51-MAX,>sample4,   1.96,   0.00,   51, 100.00, 21.57,  1.96,  0.00,  3.92,  5.88,  3.92,  5.88,  7.84,  3.92, 25.49,  3.92, 11.76,  9.80, 29.41,  3.92, 11.76,  7.84, 13.73,  0.00,  5.88,   7.84,   3.92,   7.84,   9.80,   9.80, 14.00,   0.606,   0.078,   0.535,  -0.088,    3.752,    1.022
WIN51-MIN,>sample4,  -3.92,  -3.92,   51, 100.00,  0.00,  0.00,  0.00,  0.00,  0.00,  0.00,  0.00,  0.00,  0.00,  0.00,  0.00,  0.00,  0.00,  0.00,  0.00,  0.00,  0.00,  0.00,  0.00,  0.00,   0.00,   0.00,   0.00,   0.00,   1.96,  7.96,   0.454,   0.000,   0.073,  -0.179,    3.047,    0.929

WHOLE-SEQ,>sample5,   0.38,   0.38,  263, 100.00, 14.45,  0.38,  1.90,  1.52,  3.42,  1.52,  1.14,  2.66,  1.14, 18.25,  1.90,  4.94,  7.98, 18.63,  0.76,  6.46,  3.80,  6.08,  0.00,  3.04,   1.90,   3.42,  -1.52,   5.32,   6.46,  5.05,   0.518,   0.015,   0.275,  -0.117,    3.580,    0.954
WIN21-MAX,>sample5,   4.76,   9.52,   21, 100.00, 28.57,  4.76,  9.52,  4.76,  9.52,  9.52,  4.76, 14.29,  4.76, 28.57,  9.52, 14.29, 19.05, 47.62,  4.76, 19.05, 14.29, 14.29,  0.00,  9.52,   9.52,  14.29,   4.76,  14.29,  14.29, 14.00,   0.681,   0.143,   0.698,   0.011,    3.785,    1.070
WIN21-MIN,>sample5,  -4.76,  -4.76,   21, 100.00,  0.00,  0.00,  0.00,  0.00,  0.00,  0.00,  0.00,  0.00,  0.00,  0.00,  0.00,  0.00,  0.00,  0.00,  0.00,  0.00,  0.00,  0.00,  0.00,  0.00,   0.00,   0.00, -14.29,   0.00,   0.00,  1.00,   0.347,   0.000,  -0.245,  -0.214,    2.332,    0.807
WIN51-MAX,>sample5,   3.92,   1.96,   51, 100.00, 21.57,  1.96,  3.92,  3.92,  5.88,  3.92,  3.92,  5.88,  3.92, 25.49,  3.92, 11.76, 11.76, 31.37,  1.96, 11.76,  7.84, 13.73,  0.00,  5.88,   3.92,   7.84,   1.96,  11.76,   9.80, 10.23,   0.585,   0.059,   0.471,  -0.074,    3.800,    1.015
WIN51-MIN,>sample5,  -1.96,  -1.96,   51, 100.00,  0.00,  0.00,  0.00,  0.00,  0.00,  0.00,  0.00,  0.00,  0.00,  0.00,  0.00,  0.00,  0.00,  0.00,  0.00,  0.00,  0.00,  0.00,  0.00,  0.00,   0.00,   0.00,  -5.88,   0.00,   1.96,  1.00,   0.429,   0.000,  -0.014,  -0.160,    2.958,    0.886

WHOLE-SEQ,>sample6,   0.38,   0.38,  263, 100.00, 14.07,  0.38,  0.76,  0.38,  3.42,  1.52,  1.90,  2.66,  1.90, 18.25,  1.90,  4.94,  8.37, 18.25,  1.52,  6.46,  3.80,  6.46,  0.00,  3.04,   3.42,   1.14,   2.28,   4.56,   6.46, 10.14,   0.519,   0.023,   0.270,  -0.117,    3.581,    0.963
WIN21-MAX,>sample6,   9.52,   4.76,   21, 100.00, 33.33,  4.76,  4.76,  4.76,  9.52,  9.52,  9.52,  9.52,  9.52, 33.33,  9.52, 14.29, 23.81, 42.86,  9.52, 19.05, 14.29, 14.29,  0.00,  9.52,  14.29,   4.76,  14.29,  14.29,  14.29, 14.00,   0.674,   0.143,   0.677,   0.042,    3.690,    1.071
WIN21-MIN,>sample6,  -9.52,  -4.76,   21, 100.00,  0.00,  0.00,  0.00,  0.00,  0.00,  0.00,  0.00,  0.00,  0.00,  0.00,  0.00,  0.00,  0.00,  0.00,  0.00,  0.00,  0.00,  0.00,  0.00,  0.00,   0.00,   0.00,  -4.76,   0.00,   0.00,  1.00,   0.343,   0.000,  -0.291,  -0.219,    2.522,    0.848
WIN51-MAX,>sample6,   3.92,   1.96,   51, 100.00, 19.61,  1.96,  1.96,  1.96,  5.88,  3.92,  5.88,  5.88,  3.92, 23.53,  3.92, 11.76, 13.73, 29.41,  5.88, 11.76,  7.84, 13.73,  0.00,  5.88,   7.84,   1.96,   7.84,   9.80,   9.80, 14.00,   0.587,   0.078,   0.482,  -0.066,    3.686,    1.014
WIN51-MIN,>sample6,  -5.88,  -1.96,   51, 100.00,  0.00,  0.00,  0.00,  0.00,  0.00,  0.00,  0.00,  0.00,  0.00,  0.00,  0.00,  0.00,  0.00,  0.00,  0.00,  0.00,  0.00,  0.00,  0.00,  0.00,   0.00,   0.00,  -1.96,   1.96,   1.96,  6.30,   0.439,   0.000,   0.012,  -0.162,    2.986,    0.912

WHOLE-SEQ,>sample7,  -0.38,  -1.90,  263, 100.00, 14.83,  0.38,  1.14,  3.04,  3.04,  1.52,  0.76,  3.42,  0.38, 18.63,  1.90,  4.56,  8.37, 18.25,  0.76,  6.46,  3.80,  5.70,  0.00,  3.04,   1.14,   4.18,  -3.04,   5.32,   6.08,  4.20,   0.525,   0.030,   0.280,  -0.123,    3.550,    0.955
WIN21-MAX,>sample7,   4.76,   4.76,   21, 100.00, 28.57,  4.76,  4.76,  9.52,  9.52,  9.52,  4.76, 14.29,  4.76, 33.33,  9.52, 14.29, 23.81, 42.86,  4.76, 19.05, 14.29, 14.29,  0.00,  9.52,   4.76,  14.29,   4.76,  19.05,  14.29, 14.00,   0.721,   0.143,   0.776,   0.053,    3.690,    1.070
WIN21-MIN,>sample7,  -4.76,  -9.52,   21, 100.00,  0.00,  0.00,  0.00,  0.00,  0.00,  0.00,  0.00,  0.00,  0.00,  0.00,  0.00,  0.00,  0.00,  0.00,  0.00,  0.00,  0.00,  0.00,  0.00,  0.00,   0.00,   0.00, -14.29,   0.00,   0.00,  1.00,   0.386,   0.000,  -0.124,  -0.263,    2.486,    0.846
WIN51-MAX,>sample7,   1.96,   1.96,   51, 100.00, 21.57,  1.96,  3.92,  7.84,  5.88,  3.92,  3.92,  7.84,  1.96, 23.53,  3.92, 11.76, 13.73, 31.37,  1.96, 11.76,  7.84, 13.73,  0.00,  5.88,   1.96,   9.80,   0.00,  11.76,   7.84,  8.36,   0.606,   0.078,   0.478,  -0.077,    3.630,    1.012
WIN51-MIN,>sample7,  -1.96,  -5.88,   51, 100.00,  0.00,  0.00,  0.00,  0.00,  0.00,  0.00,  0.00,  0.00,  0.00,  0.00,  0.00,  0.00,  0.00,  0.00,  0.00,  0.00,  0.00,  0.00,  0.00,  0.00,   0.00,   0.00,  -7.84,   0.00,   1.96,  1.00,   0.448,   0.000,   0.058,  -0.175,    2.958,    0.896

WHOLE-SEQ,>sample8,   0.00,  -1.14,  263, 100.00, 14.07,  0.38,  1.14,  2.28,  3.42,  1.52,  1.52,  3.42,  0.76, 18.63,  1.90,  4.56,  7.98, 18.63,  0.76,  6.08,  3.80,  6.46,  0.00,  2.66,   1.52,   3.42,  -1.90,   4.94,   6.08,  5.11,   0.527,   0.019,   0.297,  -0.126,    3.577,    0.966
WIN21-MAX,>sample8,   4.76,   4.76,   21, 100.00, 28.57,  4.76,  4.76,  9.52,  9.52,  9.52,  4.76, 14.29,  4.76, 33.33,  9.52, 14.29, 23.81, 42.86,  4.76, 19.05, 14.29, 14.29,  0.00,  9.52,   9.52,   9.52,   9.52,  14.29,  14.29, 14.00,   0.734,   0.095,   0.859,   0.042,    3.690,    1.105
WIN21-MIN,>sample8,  -4.76,  -9.52,   21, 100.00,  0.00,  0.00,  0.00,  0.00,  0.00,  0.00,  0.00,  0.00,  0.00,  0.00,  0.00,  0.00,  0.00,  0.00,  0.00,  0.00,  0.00,  0.00,  0.00,  0.00,   0.00,   0.00,  -9.52,   0.00,   0.00,  1.00,   0.386,   0.000,  -0.124,  -0.228,    2.453,    0.848
WIN51-MAX,>sample8,   1.96,   1.96,   51, 100.00, 21.57,  1.96,  1.96,  5.88,  5.88,  3.92,  3.92,  7.84,  1.96, 25.49,  3.92,  9.80, 13.73, 31.37,  1.96, 11.76,  7.84, 13.73,  0.00,  5.88,   3.92,   5.88,   3.92,   7.84,   9.80, 10.49,   0.612,   0.059,   0.533,  -0.073,    3.779,    1.026
WIN51-MIN,>sample8,  -1.96,  -5.88,   51, 100.00,  0.00,  0.00,  0.00,  0.00,  0.00,  0.00,  0.00,  0.00,  0.00,  0.00,  0.00,  0.00,  0.00,  0.00,  0.00,  0.00,  0.00,  0.00,  0.00,  0.00,   0.00,   0.00,  -5.88,   0.00,   1.96,  1.00,   0.448,   0.000,   0.057,  -0.174,    3.043,    0.912

WHOLE-SEQ,>sample9,  -0.38,  -2.28,  263, 100.00, 13.69,  0.38,  0.76,  3.04,  3.42,  1.52,  1.52,  3.42,  0.38, 19.39,  1.90,  4.94,  8.37, 18.63,  0.76,  6.08,  3.42,  5.32,  0.00,  3.04,   1.14,   3.80,  -2.66,   4.94,   6.46,  4.70,   0.522,   0.027,   0.275,  -0.123,    3.555,    0.956
WIN21-MAX,>sample9,   4.76,   4.76,   21, 100.00, 28.57,  4.76,  4.76,  9.52,  9.52,  9.52,  4.76, 14.29,  4.76, 33.33,  9.52, 14.29, 23.81, 47.62,  4.76, 19.05, 14.29, 14.29,  0.00,  9.52,   4.76,   9.52,   4.76,  14.29,  14.29, 14.00,   0.723,   0.095,   0.862,   0.042,    3.690,    1.073
WIN21-MIN,>sample9,  -4.76,  -9.52,   21, 100.00,  0.00,  0.00,  0.00,  0.00,  0.00,  0.00,  0.00,  0.00,  0.00,  0.00,  0.00,  0.00,  0.00,  0.00,  0.00,  0.00,  0.00,  0.00,  0.00,  0.00,   0.00,   0.00,  -9.52,   0.00,   0.00,  1.00,   0.386,   0.000,  -0.110,  -0.233,    2.256,    0.848
WIN51-MAX,>sample9,   1.96,   1.96,   51, 100.00, 19.61,  1.96,  1.96,  5.88,  5.88,  3.92,  3.92,  7.84,  1.96, 25.49,  3.92, 11.76, 13.73, 31.37,  1.96, 11.76,  7.84, 11.76,  0.00,  5.88,   1.96,   7.84,   1.96,   7.84,   9.80, 10.09,   0.595,   0.078,   0.471,  -0.073,    3.708,    1.017
WIN51-MIN,>sample9,  -1.96,  -5.88,   51, 100.00,  0.00,  0.00,  0.00,  0.00,  0.00,  0.00,  0.00,  0.00,  0.00,  0.00,  0.00,  0.00,  0.00,  0.00,  0.00,  0.00,  0.00,  0.00,  0.00,  0.00,   0.00,   0.00,  -7.84,   1.96,   1.96,  1.00,   0.434,   0.000,  -0.020,  -0.179,    2.963,    0.914

WHOLE-SEQ,>sample10,  -1.14,   0.38,  263, 100.00, 14.07,  0.38,  1.90,  1.52,  3.42,  1.52,  1.14,  3.42,  0.38, 18.25,  1.90,  4.94,  7.60, 18.63,  1.52,  6.08,  3.80,  6.46,  0.00,  3.04,   1.90,   3.42,  -1.52,   5.32,   6.46,  5.05,   0.523,   0.015,   0.290,  -0.124,    3.589,    0.967
WIN21-MAX,>sample10,   4.76,   9.52,   21, 100.00, 28.57,  4.76,  9.52,  4.76,  9.52,  9.52,  4.76, 14.29,  4.76, 33.33,  9.52, 14.29, 23.81, 47.62,  4.76, 19.05, 14.29, 14.29,  0.00,  9.52,   4.76,  14.29,   4.76,  19.05,  14.29, 14.00,   0.734,   0.095,   0.859,   0.066,    3.785,    1.105
WIN21-MIN,>sample10,  -4.76,  -4.76,   21, 100.00,  0.00,  0.00,  0.00,  0.00,  0.00,  0.00,  0.00,  0.00,  0.00,  0.00,  0.00,  0.00,  0.00,  0.00,  0.00,  0.00,  0.00,  0.00,  0.00,  0.00,   0.00,   0.00,  -9.52,   0.00,   0.00,  1.00,   0.342,   0.000,  -0.247,  -0.246,    2.394,    0.836
WIN51-MAX,>sample10,   1.96,   3.92,   51, 100.00, 21.57,  1.96,  3.92,  1.96,  5.88,  3.92,  3.92,  7.84,  1.96, 23.53,  3.92, 11.76, 13.73, 31.37,  3.92, 11.76,  7.84, 13.73,  0.00,  5.88,   3.92,   5.88,   1.96,   9.80,   9.80, 12.00,   0.600,   0.059,   0.481,  -0.054,    3.762,    1.021
WIN51-MIN,>sample10,  -3.92,  -1.96,   51, 100.00,  0.00,  0.00,  0.00,  0.00,  0.00,  0.00,  0.00,  0.00,  0.00,  0.00,  0.00,  0.00,  0.00,  0.00,  0.00,  0.00,  0.00,  0.00,  0.00,  0.00,   0.00,   0.00,  -5.88,   1.96,   1.96,  1.00,   0.429,   0.000,   0.023,  -0.179,    2.998,    0.901

WHOLE-SEQ,>sample11,   0.00,  -0.76,  263, 100.00, 13.69,  0.38,  1.14,  1.90,  3.42,  1.52,  1.14,  3.42,  1.14, 18.25,  1.90,  4.94,  7.98, 18.25,  1.14,  6.46,  3.80,  6.46,  0.00,  3.04,   2.28,   3.04,  -0.76,   5.32,   6.46,  6.08,   0.523,   0.008,   0.297,  -0.122,    3.605,    0.968
WIN21-MAX,>sample11,   4.76,   4.76,   21, 100.00, 33.33,  4.76,  4.76, 14.29,  9.52,  9.52,  4.76, 14.29,  4.76, 33.33,  9.52, 14.29, 23.81, 42.86,  4.76, 19.05, 14.29, 14.29,  0.00,  9.52,   9.52,  14.29,   9.52,  23.81,  14.29, 14.00,   0.762,   0.143,   0.971,   0.042,    3.690,    1.114
WIN21-MIN,>sample11,  -4.76, -14.29,   21, 100.00,  0.00,  0.00,  0.00,  0.00,  0.00,  0.00,  0.00,  0.00,  0.00,  0.00,  0.00,  0.00,  0.00,  0.00,  0.00,  0.00,  0.00,  0.00,  0.00,  0.00,   0.00,   0.00, -14.29,   0.00,   0.00,  1.00,   0.318,   0.000,  -0.313,  -0.251,    2.453,    0.840
WIN51-MAX,>sample11,   1.96,   1.96,   51, 100.00, 19.61,  1.96,  1.96,  7.84,  5.88,  3.92,  3.92,  7.84,  3.92, 23.53,  3.92, 11.76, 13.73, 31.37,  3.92, 11.76,  7.84, 13.73,  0.00,  5.88,   7.84,   9.80,   1.96,  15.69,   9.80,  9.72,   0.623,   0.059,   0.585,  -0.074,    3.666,    1.018
WIN51-MIN,>sample11,  -1.96,  -5.88,   51, 100.00,  0.00,  0.00,  0.00,  0.00,  0.00,  0.00,  0.00,  0.00,  0.00,  0.00,  0.00,  0.00,  0.00,  0.00,  0.00,  0.00,  0.00,  0.00,  0.00,  0.00,   0.00,   0.00,  -5.88,   0.00,   1.96,  1.00,   0.409,   0.000,  -0.011,  -0.168,    2.954,    0.909

WHOLE-SEQ,>sample12,  -0.76,  -0.76,  263, 100.00, 14.07,  0.38,  0.76,  1.52,  3.42,  1.52,  1.52,  3.42,  0.76, 19.39,  1.90,  4.94,  7.98, 18.25,  1.52,  6.08,  3.42,  6.08,  0.00,  3.04,   2.28,   2.28,   0.00,   4.56,   6.46,  8.02,   0.529,   0.000,   0.321,  -0.127,    3.569,    0.967
WIN21-MAX,>sample12,   4.76,   4.76,   21, 100.00, 28.57,  4.76,  4.76,  9.52,  9.52,  9.52,  4.76, 14.29,  4.76, 33.33,  9.52, 14.29, 23.81, 47.62,  4.76, 19.05, 14.29, 14.29,  0.00,  9.52,   4.76,   9.52,   4.76,  14.29,  14.29, 14.00,   0.762,   0.095,   0.971,   0.042,    3.690,    1.114
WIN21-MIN,>sample12,  -4.76,  -9.52,   21, 100.00,  0.00,  0.00,  0.00,  0.00,  0.00,  0.00,  0.00,  0.00,  0.00,  0.00,  0.00,  0.00,  0.00,  0.00,  0.00,  0.00,  0.00,  0.00,  0.00,  0.00,   0.00,   0.00,  -9.52,   0.00,   0.00,  1.00,   0.386,   0.000,  -0.077,  -0.251,    2.256,    0.849
WIN51-MAX,>sample12,   1.96,   1.96,   51, 100.00, 21.57,  1.96,  1.96,  3.92,  5.88,  3.92,  5.88,  7.84,  1.96, 25.49,  3.92, 11.76, 13.73, 31.37,  3.92, 11.76,  7.84, 13.73,  0.00,  5.88,   5.88,   3.92,   1.96,   9.80,   9.80, 14.00,   0.623,   0.039,   0.585,  -0.073,    3.693,    1.026
WIN51-MIN,>sample12,  -1.96,  -3.92,   51, 100.00,  0.00,  0.00,  0.00,  0.00,  0.00,  0.00,  0.00,  0.00,  0.00,  0.00,  0.00,  0.00,  0.00,  0.00,  0.00,  0.00,  0.00,  0.00,  0.00,  0.00,   0.00,   0.00,  -3.92,   0.00,   1.96,  1.00,   0.458,   0.000,   0.118,  -0.176,    2.939,    0.905

WHOLE-SEQ,>sample13,  -1.14,   0.76,  263, 100.00, 15.21,  0.38,  1.90,  1.14,  3.04,  1.52,  1.52,  3.42,  0.38, 18.63,  1.90,  4.94,  8.37, 17.11,  1.52,  6.46,  3.80,  6.46,  0.00,  2.28,   1.90,   3.04,  -1.14,   4.94,   5.32,  5.90,   0.531,   0.011,   0.317,  -0.118,    3.577,    0.959
WIN21-MAX,>sample13,   4.76,   9.52,   21, 100.00, 33.33,  4.76,  9.52,  4.76,  9.52,  9.52,  9.52, 14.29,  4.76, 33.33,  9.52, 14.29, 23.81, 47.62,  4.76, 19.05, 14.29, 14.29,  0.00,  9.52,   4.76,  14.29,   4.76,  14.29,  14.29, 14.00,   0.762,   0.143,   0.971,   0.042,    3.690,    1.114
WIN21-MIN,>sample13,  -4.76,  -4.76,   21, 100.00,  0.00,  0.00,  0.00,  0.00,  0.00,  0.00,  0.00,  0.00,  0.00,  0.00,  0.00,  0.00,  0.00,  0.00,  0.00,  0.00,  0.00,  0.00,  0.00,  0.00,   0.00,   0.00, -14.29,   0.00,   0.00,  1.00,   0.386,   0.000,  -0.087,  -0.251,    2.262,    0.838
WIN51-MAX,>sample13,   1.96,   5.88,   51, 100.00, 21.57,  1.96,  7.84,  3.92,  5.88,  3.92,  5.88,  7.84,  1.96, 23.53,  3.92, 11.76, 13.73, 29.41,  3.92, 11.76,  7.84, 13.73,  0.00,  5.88,   3.92,   9.80,   1.96,  11.76,   7.84, 14.00,   0.623,   0.078,   0.585,  -0.074,    3.644,    1.015
WIN51-MIN,>sample13,  -3.92,  -1.96,   51, 100.00,  0.00,  0.00,  0.00,  0.00,  0.00,  0.00,  0.00,  0.00,  0.00,  0.00,  0.00,  0.00,  0.00,  0.00,  0.00,  0.00,  0.00,  0.00,  0.00,  0.00,   0.00,   0.00,  -7.84,   0.00,   1.96,  1.00,   0.458,   0.000,   0.055,  -0.172,    2.900,    0.885

WHOLE-SEQ,>sample14,  -0.38,  -0.76,  263, 100.00, 14.83,  0.38,  1.14,  1.90,  3.42,  1.52,  1.90,  3.42,  0.38, 18.63,  1.52,  4.56,  8.37, 18.25,  0.76,  6.46,  3.42,  6.46,  0.00,  2.66,   1.14,   3.04,  -1.90,   4.18,   6.08,  5.41,   0.530,   0.019,   0.306,  -0.122,    3.550,    0.963
WIN21-MAX,>sample14,   4.76,   4.76,   21, 100.00, 28.57,  4.76,  4.76,  9.52,  9.52,  9.52,  9.52, 14.29,  4.76, 33.33,  9.52, 14.29, 23.81, 47.62,  4.76, 19.05, 14.29, 14.29,  0.00,  9.52,   4.76,  14.29,   4.76,  14.29,  14.29, 14.00,   0.762,   0.143,   0.971,   0.042,    3.690,    1.114
WIN21-MIN,>sample14,  -4.76,  -9.52,   21, 100.00,  0.00,  0.00,  0.00,  0.00,  0.00,  0.00,  0.00,  0.00,  0.00,  0.00,  0.00,  0.00,  0.00,  0.00,  0.00,  0.00,  0.00,  0.00,  0.00,  0.00,   0.00,   0.00, -14.29,   0.00,   0.00,  1.00,   0.370,   0.000,  -0.160,  -0.251,    2.262,    0.827
WIN51-MAX,>sample14,   1.96,   1.96,   51, 100.00, 21.57,  1.96,  3.92,  3.92,  5.88,  3.92,  3.92,  7.84,  1.96, 25.49,  3.92,  9.80, 13.73, 29.41,  1.96, 11.76,  7.84, 13.73,  0.00,  5.88,   1.96,   7.84,   0.00,   7.84,   9.80,  8.36,   0.623,   0.078,   0.585,  -0.065,    3.733,    1.015
WIN51-MIN,>sample14,  -1.96,  -3.92,   51, 100.00,  0.00,  0.00,  0.00,  0.00,  0.00,  0.00,  0.00,  0.00,  0.00,  0.00,  0.00,  0.00,  0.00,  0.00,  0.00,  0.00,  0.00,  0.00,  0.00,  0.00,   0.00,   0.00,  -7.84,   0.00,   1.96,  1.00,   0.431,   0.000,  -0.009,  -0.172,    2.978,    0.911

WHOLE-SEQ,>sample15,   0.00,   0.00,  263, 100.00, 14.07,  0.38,  1.90,  1.90,  3.42,  1.52,  1.14,  3.04,  0.76, 19.01,  1.90,  4.56,  8.37, 19.01,  0.76,  6.46,  3.04,  5.70,  0.00,  3.04,   1.52,   3.80,  -2.28,   5.32,   6.46,  4.59,   0.520,   0.023,   0.275,  -0.119,    3.558,    0.952
WIN21-MAX,>sample15,   4.76,  14.29,   21, 100.00, 33.33,  4.76, 14.29,  9.52,  9.52,  9.52,  4.76,  9.52,  4.76, 33.33,  9.52, 14.29, 23.81, 47.62,  4.76, 19.05, 14.29, 14.29,  0.00,  9.52,   9.52,  14.29,   4.76,  14.29,  14.29, 14.00,   0.692,   0.143,   0.743,   0.037,    3.690,    1.058
WIN21-MIN,>sample15,  -4.76,  -9.52,   21, 100.00,  0.00,  0.00,  0.00,  0.00,  0.00,  0.00,  0.00,  0.00,  0.00,  0.00,  0.00,  0.00,  0.00,  0.00,  0.00,  0.00,  0.00,  0.00,  0.00,  0.00,   0.00,   0.00, -14.29,   0.00,   0.00,  1.00,   0.358,   0.000,  -0.274,  -0.221,    2.256,    0.809
WIN51-MAX,>sample15,   3.92,   5.88,   51, 100.00, 21.57,  1.96,  5.88,  3.92,  5.88,  3.92,  3.92,  5.88,  3.92, 25.49,  3.92,  9.80, 13.73, 31.37,  1.96, 11.76,  7.84, 11.76,  0.00,  5.88,   3.92,   5.88,   1.96,   9.80,   9.80, 10.23,   0.587,   0.059,   0.465,  -0.063,    3.787,    1.008
WIN51-MIN,>sample15,  -1.96,  -3.92,   51, 100.00,  0.00,  0.00,  0.00,  0.00,  0.00,  0.00,  0.00,  0.00,  0.00,  0.00,  0.00,  0.00,  0.00,  0.00,  0.00,  0.00,  0.00,  0.00,  0.00,  0.00,   0.00,   0.00,  -5.88,   0.00,   1.96,  1.00,   0.429,   0.000,  -0.016,  -0.168,    2.984,    0.888

WHOLE-SEQ,>sample16,  -0.38,  -1.52,  263, 100.00, 14.07,  0.38,  0.00,  1.52,  3.42,  1.52,  2.28,  3.42,  1.14, 18.63,  1.90,  4.94,  7.98, 18.63,  1.52,  6.46,  3.04,  6.08,  0.00,  3.04,   2.66,   1.52,   1.14,   4.18,   6.46,  9.71,   0.522,   0.011,   0.292,  -0.126,    3.561,    0.967
WIN21-MAX,>sample16,   4.76,   0.00,   21, 100.00, 33.33,  4.76,  0.00,  9.52,  9.52,  9.52,  9.52, 14.29,  9.52, 28.57,  9.52, 14.29, 23.81, 42.86,  4.76, 19.05, 14.29, 14.29,  0.00,  9.52,  14.29,   9.52,  14.29,  19.05,  14.29, 14.00,   0.662,   0.143,   0.659,   0.042,    3.594,    1.102
WIN21-MIN,>sample16,  -4.76,  -9.52,   21, 100.00,  0.00,  0.00,  0.00,  0.00,  0.00,  0.00,  0.00,  0.00,  0.00,  0.00,  0.00,  0.00,  0.00,  0.00,  0.00,  0.00,  0.00,  0.00,  0.00,  0.00,   0.00,   0.00,  -4.76,   0.00,   0.00,  1.00,   0.384,   0.000,  -0.217,  -0.238,    2.256,    0.830
WIN51-MAX,>sample16,   1.96,   0.00,   51, 100.00, 21.57,  1.96,  0.00,  5.88,  5.88,  3.92,  5.88,  7.84,  3.92, 25.49,  3.92, 11.76, 13.73, 29.41,  3.92, 11.76,  7.84, 13.73,  0.00,  5.88,   7.84,   5.88,   7.84,   9.80,   9.80, 14.00,   0.583,   0.078,   0.474,  -0.075,    3.758,    1.018
WIN51-MIN,>sample16,  -3.92,  -5.88,   51, 100.00,  0.00,  0.00,  0.00,  0.00,  0.00,  0.00,  0.00,  0.00,  0.00,  0.00,  0.00,  0.00,  0.00,  0.00,  0.00,  0.00,  0.00,  0.00,  0.00,  0.00,   0.00,   0.00,  -3.92,   0.00,   1.96,  1.00,   0.437,   0.000,   0.007,  -0.183,    2.984,    0.898

WHOLE-SEQ,>sample17,  -0.38,   1.14,  263, 100.00, 14.45,  0.38,  2.28,  1.14,  3.04,  1.14,  1.14,  3.42,  0.76, 18.63,  1.90,  4.56,  7.98, 18.25,  1.14,  6.46,  3.80,  6.46,  0.00,  3.04,   1.90,   3.42,  -1.52,   5.32,   6.08,  5.00,   0.526,   0.015,   0.300,  -0.123,    3.572,    0.965
WIN21-MAX,>sample17,   4.76,  19.05,   21, 100.00, 33.33,  4.76, 19.05,  4.76,  9.52,  9.52,  4.76, 14.29,  4.76, 33.33,  9.52, 14.29, 23.81, 47.62,  4.76, 19.05, 14.29, 14.29,  0.00,  9.52,   4.76,  19.05,   4.76,  19.05,  14.29, 14.00,   0.762,   0.190,   0.971,   0.042,    3.690,    1.114
WIN21-MIN,>sample17,  -4.76,  -4.76,   21, 100.00,  0.00,  0.00,  0.00,  0.00,  0.00,  0.00,  0.00,  0.00,  0.00,  0.00,  0.00,  0.00,  0.00,  0.00,  0.00,  0.00,  0.00,  0.00,  0.00,  0.00,   0.00,   0.00, -19.05,   0.00,   0.00,  1.00,   0.386,   0.000,  -0.115,  -0.251,    2.262,    0.855
WIN51-MAX,>sample17,   1.96,   7.84,   51, 100.00, 21.57,  1.96,  7.84,  1.96,  5.88,  3.92,  3.92,  7.84,  1.96, 23.53,  3.92, 11.76, 13.73, 31.37,  3.92, 11.76,  7.84, 13.73,  0.00,  5.88,   3.92,   9.80,   3.92,   9.80,   7.84, 10.88,   0.623,   0.098,   0.585,  -0.066,    3.703,    1.015
WIN51-MIN,>sample17,  -3.92,  -1.96,   51, 100.00,  0.00,  0.00,  0.00,  0.00,  0.00,  0.00,  0.00,  0.00,  0.00,  0.00,  0.00,  0.00,  0.00,  0.00,  0.00,  0.00,  0.00,  0.00,  0.00,  0.00,   0.00,   0.00,  -9.80,   1.96,   1.96,  1.00,   0.449,   0.000,   0.040,  -0.163,    3.010,    0.908

WHOLE-SEQ,>sample18,  -0.38,  -0.76,  263, 100.00, 13.69,  0.38,  0.76,  1.52,  3.42,  1.52,  1.14,  3.42,  1.14, 19.39,  1.90,  4.94,  7.60, 18.25,  1.52,  6.08,  3.80,  6.46,  0.00,  3.04,   2.66,   2.28,   0.38,   4.94,   6.46,  9.12,   0.530,   0.004,   0.320,  -0.130,    3.579,    0.974
WIN21-MAX,>sample18,   4.76,   4.76,   21, 100.00, 28.57,  4.76,  4.76, 14.29,  9.52,  9.52,  9.52, 14.29,  4.76, 33.33,  9.52, 14.29, 19.05, 47.62,  9.52, 19.05, 14.29, 14.29,  0.00,  9.52,   9.52,  14.29,   9.52,  23.81,  14.29, 14.00,   0.762,   0.095,   0.971,   0.002,    3.654,    1.114
WIN21-MIN,>sample18,  -9.52, -14.29,   21, 100.00,  0.00,  0.00,  0.00,  0.00,  0.00,  0.00,  0.00,  0.00,  0.00,  0.00,  0.00,  0.00,  0.00,  0.00,  0.00,  0.00,  0.00,  0.00,  0.00,  0.00,   0.00,   0.00,  -9.52,   0.00,   0.00,  1.00,   0.359,   0.000,  -0.150,  -0.251,    2.262,    0.848
WIN51-MAX,>sample18,   3.92,   1.96,   51, 100.00, 19.61,  1.96,  1.96,  5.88,  5.88,  3.92,  5.88,  7.84,  3.92, 25.49,  3.92, 11.76, 11.76, 31.37,  3.92, 11.76,  7.84, 13.73,  0.00,  5.88,   5.88,   7.84,   3.92,  11.76,   9.80, 11.05,   0.618,   0.039,   0.569,  -0.087,    3.758,    1.018
WIN51-MIN,>sample18,  -3.92,  -5.88,   51, 100.00,  0.00,  0.00,  0.00,  0.00,  0.00,  0.00,  0.00,  0.00,  0.00,  0.00,  0.00,  0.00,  0.00,  0.00,  0.00,  0.00,  0.00,  0.00,  0.00,  0.00,   0.00,   0.00,  -3.92,   0.00,   1.96,  1.00,   0.436,   0.000,   0.025,  -0.174,    3.033,    0.913

WHOLE-SEQ,>sample19,  -1.90,  -1.14,  263, 100.00, 14.07,  0.38,  0.00,  1.14,  3.04,  1.52,  1.90,  3.42,  0.76, 19.39,  1.90,  4.56,  7.98, 17.87,  2.66,  6.46,  3.80,  6.08,  0.00,  3.04,   3.42,   1.14,   2.28,   4.56,   6.08, 10.32,   0.527,   0.023,   0.294,  -0.128,    3.555,    0.972
WIN21-MAX,>sample19,   4.76,   0.00,   21, 100.00, 33.33,  4.76,  0.00,  4.76,  9.52,  9.52,  9.52, 14.29,  4.76, 33.33,  9.52, 14.29, 23.81, 47.62,  9.52, 19.05, 14.29, 14.29,  0.00,  9.52,   9.52,   4.76,   9.52,   9.52,  14.29, 14.00,   0.762,   0.095,   0.971,   0.042,    3.821,    1.114
WIN21-MIN,>sample19,  -9.52,  -4.76,   21, 100.00,  0.00,  0.00,  0.00,  0.00,  0.00,  0.00,  0.00,  0.00,  0.00,  0.00,  0.00,  0.00,  0.00,  0.00,  0.00,  0.00,  0.00,  0.00,  0.00,  0.00,   0.00,   0.00,  -4.76,   0.00,   0.00,  1.00,   0.337,   0.000,  -0.214,  -0.251,    2.262,    0.832
WIN51-MAX,>sample19,   1.96,   0.00,   51, 100.00, 21.57,  1.96,  0.00,  1.96,  5.88,  3.92,  5.88,  7.84,  1.96, 25.49,  3.92, 11.76, 13.73, 31.37,  5.88, 11.76,  7.84, 11.76,  0.00,  5.88,   7.84,   1.96,   7.84,   7.84,   9.80, 12.00,   0.623,   0.078,   0.585,  -0.071,    3.664,    1.015
WIN51-MIN,>sample19,  -3.92,  -1.96,   51, 100.00,  0.00,  0.00,  0.00,  0.00,  0.00,  0.00,  0.00,  0.00,  0.00,  0.00,  0.00,  0.00,  0.00,  0.00,  0.00,  0.00,  0.00,  0.00,  0.00,  0.00,   0.00,   0.00,  -1.96,   1.96,   1.96,  5.35,   0.454,   0.000,   0.088,  -0.180,    2.986,    0.913

WHOLE-SEQ,>sample20,  -0.38,  -0.76,  263, 100.00, 15.21,  0.38,  1.52,  2.28,  3.04,  1.14,  1.52,  3.42,  0.38, 19.01,  1.90,  4.94,  7.98, 18.63,  0.76,  6.08,  3.42,  6.46,  0.00,  1.90,   1.14,   3.80,  -2.66,   4.94,   4.94,  4.63,   0.530,   0.027,   0.297,  -0.127,    3.527,    0.956
WIN21-MAX,>sample20,   4.76,   4.76,   21, 100.00, 33.33,  4.76,  9.52,  9.52,  9.52,  9.52,  9.52, 14.29,  4.76, 33.33,  9.52, 14.29, 23.81, 47.62,  4.76, 19.05,  9.52, 14.29,  0.00,  9.52,   4.76,  14.29,   4.76,  19.05,  14.29, 14.00,   0.762,   0.143,   0.971,   0.023,    3.690,    1.114
WIN21-MIN,>sample20,  -4.76,  -9.52,   21, 100.00,  0.00,  0.00,  0.00,  0.00,  0.00,  0.00,  0.00,  0.00,  0.00,  0.00,  0.00,  0.00,  0.00,  0.00,  0.00,  0.00,  0.00,  0.00,  0.00,  0.00,   0.00,   0.00, -14.29,   0.00,   0.00,  1.00,   0.371,   0.000,  -0.213,  -0.251,    2.394,    0.802
WIN51-MAX,>sample20,   1.96,   1.96,   51, 100.00, 21.57,  1.96,  3.92,  5.88,  5.88,  3.92,  5.88,  7.84,  1.96, 25.49,  3.92, 11.76, 13.73, 31.37,  1.96,  9.80,  5.88, 13.73,  0.00,  3.92,   1.96,   9.80,   0.00,  11.76,   7.84,  8.50,   0.617,   0.078,   0.568,  -0.080,    3.705,    1.022
WIN51-MIN,>sample20,  -1.96,  -3.92,   51, 100.00,  0.00,  0.00,  0.00,  0.00,  0.00,  0.00,  0.00,  0.00,  0.00,  0.00,  0.00,  0.00,  0.00,  0.00,  0.00,  0.00,  0.00,  0.00,  0.00,  0.00,   0.00,   0.00,  -7.84,   0.00,   0.00,  1.00,   0.440,   0.000,  -0.003,  -0.174,    2.958,    0.901

WHOLE-SEQ,>sample21,   0.00,  -0.76,  263, 100.00, 15.21,  0.38,  0.00,  0.76,  3.42,  1.14,  2.66,  3.04,  1.52, 19.01,  1.52,  4.94,  8.37, 17.87,  1.52,  6.08,  3.80,  6.08,  0.00,  2.66,   3.04,   0.76,   2.28,   3.80,   6.08, 10.28,   0.526,   0.023,   0.292,  -0.125,    3.529,    0.965
WIN21-MAX,>sample21,   4.76,   0.00,   21, 100.00, 33.33,  4.76,  0.00,  4.76,  9.52,  9.52,  9.52, 14.29,  4.76, 33.33,  4.76, 14.29, 23.81, 42.86,  9.52, 19.05, 14.29, 14.29,  0.00,  9.52,   9.52,   4.76,   9.52,  14.29,  14.29, 14.00,   0.720,   0.095,   0.853,   0.027,    3.630,    1.067
WIN21-MIN,>sample21,  -9.52,  -4.76,   21, 100.00,  0.00,  0.00,  0.00,  0.00,  0.00,  0.00,  0.00,  0.00,  0.00,  0.00,  0.00,  0.00,  0.00,  0.00,  0.00,  0.00,  0.00,  0.00,  0.00,  0.00,   0.00,   0.00,  -4.76,   0.00,   0.00,  1.00,   0.387,   0.000,  -0.072,  -0.241,    2.256,    0.847
WIN51-MAX,>sample21,   1.96,   0.00,   51, 100.00, 21.57,  1.96,  0.00,  3.92,  5.88,  3.92,  5.88,  7.84,  1.96, 25.49,  3.92, 11.76, 13.73, 29.41,  3.92,  9.80,  7.84, 13.73,  0.00,  5.88,   3.92,   3.92,   3.92,   7.84,   7.84, 14.00,   0.598,   0.039,   0.514,  -0.081,    3.681,    1.024
WIN51-MIN,>sample21,  -3.92,  -3.92,   51, 100.00,  0.00,  0.00,  0.00,  0.00,  0.00,  0.00,  0.00,  0.00,  0.00,  0.00,  0.00,  0.00,  0.00,  0.00,  0.00,  0.00,  0.00,  0.00,  0.00,  0.00,   1.96,   0.00,  -1.96,   1.96,   1.96,  5.52,   0.452,   0.000,   0.088,  -0.167,    2.995,    0.889

WHOLE-SEQ,>sample22,   0.76,  -0.76,  263, 100.00, 14.83,  0.38,  1.14,  1.90,  3.42,  1.14,  1.14,  3.04,  1.52, 18.63,  1.52,  4.56,  8.37, 17.87,  0.76,  6.46,  3.80,  6.46,  0.00,  3.04,   2.28,   3.04,  -0.76,   5.32,   6.46,  6.08,   0.527,   0.008,   0.308,  -0.124,    3.567,    0.964
WIN21-MAX,>sample22,   4.76,   9.52,   21, 100.00, 33.33,  4.76,  9.52,  9.52,  9.52,  4.76,  4.76, 14.29,  4.76, 33.33,  9.52, 14.29, 23.81, 47.62,  4.76, 19.05, 14.29, 14.29,  0.00,  9.52,   9.52,  19.05,   9.52,  23.81,  14.29, 14.00,   0.762,   0.143,   0.971,   0.099,    3.785,    1.114
WIN21-MIN,>sample22,  -4.76,  -9.52,   21, 100.00,  0.00,  0.00,  0.00,  0.00,  0.00,  0.00,  0.00,  0.00,  0.00,  0.00,  0.00,  0.00,  0.00,  0.00,  0.00,  0.00,  0.00,  0.00,  0.00,  0.00,   0.00,   0.00, -14.29,   0.00,   0.00,  1.00,   0.386,   0.000,  -0.118,  -0.251,    2.262,    0.832
WIN51-MAX,>sample22,   3.92,   1.96,   51, 100.00, 19.61,  1.96,  5.88,  3.92,  5.88,  1.96,  3.92,  5.88,  3.92, 25.49,  3.92,  9.80, 13.73, 31.37,  1.96, 11.76,  7.84, 13.73,  0.00,  5.88,   3.92,   9.80,   3.92,  13.73,   9.80, 10.49,   0.593,   0.059,   0.482,  -0.037,    3.794,    1.017
WIN51-MIN,>sample22,  -1.96,  -3.92,   51, 100.00,  0.00,  0.00,  0.00,  0.00,  0.00,  0.00,  0.00,  0.00,  0.00,  0.00,  0.00,  0.00,  0.00,  0.00,  0.00,  0.00,  0.00,  0.00,  0.00,  0.00,   0.00,   0.00,  -5.88,   0.00,   1.96,  1.00,   0.431,   0.000,  -0.010,  -0.173,    3.000,    0.872

WHOLE-SEQ,>sample23,   0.00,   0.38,  263, 100.00, 14.45,  0.38,  0.76,  0.38,  3.42,  1.52,  1.52,  2.66,  1.90, 19.01,  1.90,  4.94,  8.37, 18.63,  1.90,  6.08,  3.04,  6.08,  0.00,  3.04,   3.80,   1.14,   2.66,   4.94,   6.46, 10.27,   0.520,   0.027,   0.269,  -0.121,    3.552,    0.958
WIN21-MAX,>sample23,   9.52,   4.76,   21, 100.00, 33.33,  4.76,  4.76,  4.76,  9.52,  9.52,  4.76,  9.52, 14.29, 33.33,  9.52, 14.29, 23.81, 47.62,  4.76, 19.05,  9.52, 14.29,  0.00,  9.52,  19.05,   9.52,  19.05,  19.05,  14.29, 14.00,   0.643,   0.190,   0.561,   0.062,    3.690,    1.069
WIN21-MIN,>sample23,  -4.76,  -4.76,   21, 100.00,  0.00,  0.00,  0.00,  0.00,  0.00,  0.00,  0.00,  0.00,  0.00,  0.00,  0.00,  0.00,  0.00,  0.00,  0.00,  0.00,  0.00,  0.00,  0.00,  0.00,   0.00,   0.00,  -4.76,   0.00,   0.00,  1.00,   0.366,   0.000,  -0.180,  -0.218,    2.256,    0.838
WIN51-MAX,>sample23,   5.88,   1.96,   51, 100.00, 21.57,  1.96,  1.96,  1.96,  5.88,  3.92,  3.92,  5.88,  7.84, 23.53,  3.92, 11.76, 13.73, 31.37,  3.92,  9.80,  5.88, 13.73,  0.00,  5.88,   9.80,   3.92,   5.88,  13.73,   9.80, 14.00,   0.556,   0.059,   0.377,  -0.066,    3.839,    1.017
WIN51-MIN,>sample23,  -3.92,  -1.96,   51, 100.00,  0.00,  0.00,  0.00,  0.00,  0.00,  0.00,  0.00,  0.00,  0.00,  0.00,  0.00,  0.00,  0.00,  0.00,  0.00,  0.00,  0.00,  0.00,  0.00,  0.00,   0.00,   0.00,   0.00,   0.00,   1.96,  1.00,   0.460,   0.000,   0.093,  -0.179,    2.865,    0.897

WHOLE-SEQ,>sample24,   0.38,  -0.38,  263, 100.00, 15.21,  0.38,  0.00,  0.38,  3.42,  1.52,  1.90,  3.42,  2.28, 19.01,  1.90,  4.56,  8.37, 18.63,  1.90,  5.70,  3.80,  4.94,  0.00,  2.66,   4.18,   0.38,   3.80,   4.56,   6.08, 10.75,   0.521,   0.038,   0.263,  -0.125,    3.528,    0.956
WIN21-MAX,>sample24,   9.52,   0.00,   21, 100.00, 33.33,  4.76,  0.00,  4.76,  9.52,  9.52,  9.52, 14.29,  9.52, 33.33,  9.52, 14.29, 23.81, 47.62,  9.52, 14.29, 14.29, 14.29,  0.00,  9.52,  14.29,   4.76,  14.29,  14.29,  14.29, 14.00,   0.762,   0.143,   0.971,   0.041,    3.785,    1.114
WIN21-MIN,>sample24,  -9.52,  -4.76,   21, 100.00,  0.00,  0.00,  0.00,  0.00,  0.00,  0.00,  0.00,  0.00,  0.00,  0.00,  0.00,  0.00,  0.00,  0.00,  0.00,  0.00,  0.00,  0.00,  0.00,  0.00,   0.00,   0.00,   0.00,   0.00,   0.00,  1.00,   0.349,   0.000,  -0.180,  -0.251,    2.256,    0.820
WIN51-MAX,>sample24,   5.88,   0.00,   51, 100.00, 21.57,  1.96,  0.00,  1.96,  5.88,  3.92,  5.88,  7.84,  5.88, 25.49,  3.92, 11.76, 13.73, 31.37,  3.92,  9.80,  7.84, 11.76,  0.00,  5.88,   7.84,   1.96,   7.84,   7.84,   9.80, 14.00,   0.598,   0.078,   0.493,  -0.075,    3.735,    1.003
WIN51-MIN,>sample24,  -3.92,  -1.96,   51, 100.00,  0.00,  0.00,  0.00,  0.00,  0.00,  0.00,  0.00,  0.00,  0.00,  0.00,  0.00,  0.00,  0.00,  0.00,  0.00,  0.00,  0.00,  0.00,  0.00,  0.00,   0.00,   0.00,   0.00,   0.00,   1.96,  8.45,   0.445,   0.000,   0.049,  -0.169,    2.891,    0.901

WHOLE-SEQ,>sample25,   0.38,   0.38,  263, 100.00, 14.07,  0.38,  0.76,  0.38,  3.42,  1.52,  1.14,  3.42,  2.28, 18.25,  1.52,  4.94,  7.98, 18.63,  1.90,  6.46,  3.80,  6.08,  0.00,  3.04,   4.18,   1.14,   3.04,   5.32,   6.46, 10.34,   0.518,   0.030,   0.261,  -0.122,    3.575,    0.966
WIN21-MAX,>sample25,   9.52,   4.76,   21, 100.00, 28.57,  4.76,  4.76,  4.76,  9.52,  9.52,  4.76, 14.29,  9.52, 33.33,  4.76, 14.29, 23.81, 42.86, 14.29, 19.05, 14.29, 14.29,  0.00,  9.52,  14.29,   4.76,  14.29,  14.29,  14.29, 14.00,   0.762,   0.143,   0.971,   0.042,    3.785,    1.114
WIN21-MIN,>sample25, -14.29,  -4.76,   21, 100.00,  0.00,  0.00,  0.00,  0.00,  0.00,  0.00,  0.00,  0.00,  0.00,  0.00,  0.00,  0.00,  0.00,  0.00,  0.00,  0.00,  0.00,  0.00,  0.00,  0.00,   0.00,   0.00,  -4.76,   0.00,   0.00,  1.00,   0.358,   0.000,  -0.296,  -0.251,    2.256,    0.847
WIN51-MAX,>sample25,   5.88,   1.96,   51, 100.00, 17.65,  1.96,  1.96,  1.96,  5.88,  3.92,  3.92,  7.84,  5.88, 23.53,  3.92, 11.76, 13.73, 29.41,  5.88, 11.76,  7.84, 13.73,  0.00,  5.88,   7.84,   1.96,   7.84,   9.80,   9.80, 14.00,   0.623,   0.078,   0.585,  -0.071,    3.733,    1.017
WIN51-MIN,>sample25,  -5.88,  -1.96,   51, 100.00,  0.00,  0.00,  0.00,  0.00,  0.00,  0.00,  0.00,  0.00,  0.00,  0.00,  0.00,  0.00,  0.00,  0.00,  0.00,  0.00,  0.00,  0.00,  0.00,  0.00,   1.96,   0.00,   0.00,   1.96,   1.96,  6.78,   0.424,   0.000,  -0.030,  -0.169,    3.024,    0.905

WHOLE-SEQ,>sample26,  -0.38,   0.00,  263, 100.00, 14.07,  0.38,  0.76,  0.76,  3.42,  1.52,  1.90,  3.04,  1.14, 18.63,  1.90,  4.94,  8.37, 18.63,  1.52,  6.08,  3.42,  6.46,  0.00,  3.04,   2.66,   1.52,   1.14,   4.18,   6.46,  9.71,   0.523,   0.011,   0.294,  -0.121,    3.568,    0.966
WIN21-MAX,>sample26,   4.76,   4.76,   21, 100.00, 28.57,  4.76,  4.76,  4.76,  9.52,  9.52,  9.52, 14.29,  4.76, 33.33,  9.52, 14.29, 23.81, 42.86,  4.76, 19.05,  9.52, 14.29,  0.00,  9.52,   9.52,   4.76,   9.52,  14.29,  14.29, 14.00,   0.762,   0.095,   0.971,   0.035,    3.785,    1.101
WIN21-MIN,>sample26,  -4.76,  -4.76,   21, 100.00,  0.00,  0.00,  0.00,  0.00,  0.00,  0.00,  0.00,  0.00,  0.00,  0.00,  0.00,  0.00,  0.00,  0.00,  0.00,  0.00,  0.00,  0.00,  0.00,  0.00,   0.00,   0.00,  -4.76,   0.00,   0.00,  1.00,   0.363,   0.000,  -0.188,  -0.235,    2.453,    0.827
WIN51-MAX,>sample26,   1.96,   1.96,   51, 100.00, 21.57,  1.96,  1.96,  1.96,  5.88,  3.92,  5.88,  7.84,  3.92, 25.49,  3.92, 11.76, 13.73, 31.37,  3.92,  9.80,  5.88, 13.73,  0.00,  5.88,   5.88,   3.92,   3.92,   9.80,   9.80, 11.20,   0.602,   0.039,   0.513,  -0.077,    3.770,    1.021
WIN51-MIN,>sample26,  -1.96,  -1.96,   51, 100.00,  0.00,  0.00,  0.00,  0.00,  0.00,  0.00,  0.00,  0.00,  0.00,  0.00,  0.00,  0.00,  0.00,  0.00,  0.00,  0.00,  0.00,  0.00,  0.00,  0.00,   0.00,   0.00,   0.00,   0.00,   1.96,  1.00,   0.438,   0.000,   0.050,  -0.163,    2.993,    0.904

WHOLE-SEQ,>sample27,  -1.14,   0.00,  263, 100.00, 14.45,  0.38,  0.76,  0.76,  3.42,  1.52,  2.28,  3.42,  0.76, 18.63,  1.90,  4.94,  7.22, 18.63,  1.90,  6.08,  3.80,  6.08,  0.00,  3.04,   2.66,   1.52,   1.14,   4.18,   6.46,  9.75,   0.524,   0.011,   0.297,  -0.129,    3.577,    0.972
WIN21-MAX,>sample27,   4.76,   4.76,   21, 100.00, 33.33,  4.76,  4.76,  4.76,  9.52,  9.52,  9.52, 14.29,  4.76, 33.33,  9.52, 14.29, 19.05, 47.62,  9.52, 19.05, 14.29, 14.29,  0.00,  9.52,   9.52,   9.52,   9.52,  14.29,  14.29, 14.00,   0.749,   0.095,   0.936,   0.016,    3.785,    1.121
WIN21-MIN,>sample27,  -9.52,  -4.76,   21, 100.00,  0.00,  0.00,  0.00,  0.00,  0.00,  0.00,  0.00,  0.00,  0.00,  0.00,  0.00,  0.00,  0.00,  0.00,  0.00,  0.00,  0.00,  0.00,  0.00,  0.00,   0.00,   0.00,  -4.76,   0.00,   0.00,  1.00,   0.368,   0.000,  -0.125,  -0.258,    2.256,    0.845
WIN51-MAX,>sample27,   1.96,   1.96,   51, 100.00, 21.57,  1.96,  1.96,  3.92,  5.88,  3.92,  3.92,  7.84,  1.96, 23.53,  3.92, 11.76, 11.76, 31.37,  5.88, 11.76,  7.84, 13.73,  0.00,  5.88,   5.88,   3.92,   3.92,   7.84,   9.80, 11.70,   0.596,   0.039,   0.508,  -0.078,    3.799,    1.028
WIN51-MIN,>sample27,  -5.88,  -3.92,   51, 100.00,  0.00,  0.00,  0.00,  0.00,  0.00,  0.00,  0.00,  0.00,  0.00,  0.00,  0.00,  0.00,  0.00,  0.00,  0.00,  0.00,  0.00,  0.00,  0.00,  0.00,   0.00,   0.00,  -1.96,   0.00,   1.96,  5.35,   0.460,   0.000,   0.090,  -0.191,    2.889,    0.916

WHOLE-SEQ,>sample28,  -1.90,   1.14,  263, 100.00, 14.83,  0.38,  1.90,  0.76,  3.42,  1.52,  1.52,  3.42,  0.00, 19.01,  1.90,  4.56,  7.98, 17.49,  1.90,  6.46,  3.42,  6.46,  0.00,  3.04,   1.90,   2.66,  -0.76,   4.56,   6.46,  6.32,   0.534,   0.008,   0.329,  -0.124,    3.556,    0.969
WIN21-MAX,>sample28,   0.00,  14.29,   21, 100.00, 33.33,  4.76, 14.29,  4.76,  9.52,  9.52,  4.76, 14.29,  0.00, 33.33,  9.52, 14.29, 23.81, 38.10,  9.52, 19.05,  9.52, 14.29,  0.00,  9.52,   9.52,  14.29,   9.52,  19.05,  14.29, 14.00,   0.762,   0.143,   0.971,   0.042,    3.690,    1.101
WIN21-MIN,>sample28,  -9.52,  -4.76,   21, 100.00,  0.00,  0.00,  0.00,  0.00,  0.00,  0.00,  0.00,  0.00,  0.00,  0.00,  0.00,  0.00,  0.00,  0.00,  0.00,  0.00,  0.00,  0.00,  0.00,  0.00,   0.00,   0.00, -14.29,   0.00,   0.00,  1.00,   0.338,   0.000,  -0.306,  -0.235,    2.547,    0.848
WIN51-MAX,>sample28,   0.00,   5.88,   51, 100.00, 21.57,  1.96,  5.88,  1.96,  5.88,  3.92,  3.92,  7.84,  0.00, 25.49,  3.92,  9.80, 13.73, 29.41,  5.88, 11.76,  5.88, 13.73,  0.00,  5.88,   5.88,   7.84,   3.92,  13.73,   9.80, 11.05,   0.624,   0.039,   0.564,  -0.074,    3.664,    1.020
WIN51-MIN,>sample28,  -5.88,  -1.96,   51, 100.00,  0.00,  0.00,  0.00,  0.00,  0.00,  0.00,  0.00,  0.00,  0.00,  0.00,  0.00,  0.00,  0.00,  0.00,  0.00,  0.00,  0.00,  0.00,  0.00,  0.00,   0.00,   0.00,  -3.92,   0.00,   1.96,  1.00,   0.431,   0.000,   0.048,  -0.173,    3.073,    0.915

WHOLE-SEQ,>sample29,  -0.76,  -0.76,  263, 100.00, 14.45,  0.38,  0.38,  1.14,  3.42,  1.52,  2.66,  3.04,  0.76, 18.25,  1.90,  4.94,  7.98, 18.63,  1.52,  6.08,  3.80,  6.08,  0.00,  3.04,   2.28,   1.52,   0.76,   3.80,   6.46,  9.54,   0.520,   0.008,   0.289,  -0.123,    3.572,    0.965
WIN21-MAX,>sample29,   4.76,   4.76,   21, 100.00, 33.33,  4.76,  4.76,  4.76,  9.52,  9.52,  9.52,  9.52,  4.76, 33.33,  9.52, 14.29, 23.81, 42.86,  4.76, 19.05, 14.29, 14.29,  0.00,  9.52,   4.76,   4.76,   4.76,   9.52,  14.29, 14.00,   0.722,   0.048,   0.819,   0.036,    3.690,    1.091
WIN21-MIN,>sample29,  -4.76,  -4.76,   21, 100.00,  0.00,  0.00,  0.00,  0.00,  0.00,  0.00,  0.00,  0.00,  0.00,  0.00,  0.00,  0.00,  0.00,  0.00,  0.00,  0.00,  0.00,  0.00,  0.00,  0.00,   0.00,   0.00,  -4.76,   0.00,   0.00,  1.00,   0.363,   0.000,  -0.188,  -0.241,    2.256,    0.830
WIN51-MAX,>sample29,   3.92,   1.96,   51, 100.00, 19.61,  1.96,  1.96,  3.92,  5.88,  3.92,  5.88,  5.88,  3.92, 25.49,  3.92, 11.76, 13.73, 29.41,  3.92,  9.80,  7.84, 11.76,  0.00,  5.88,   3.92,   3.92,   3.92,   7.84,   9.80, 14.00,   0.584,   0.039,   0.475,  -0.068,    3.777,    0.999
WIN51-MIN,>sample29,  -3.92,  -3.92,   51, 100.00,  0.00,  0.00,  0.00,  0.00,  0.00,  0.00,  0.00,  0.00,  0.00,  0.00,  0.00,  0.00,  0.00,  0.00,  0.00,  0.00,  0.00,  0.00,  0.00,  0.00,   0.00,   0.00,  -1.96,   0.00,   1.96,  5.14,   0.454,   0.000,   0.113,  -0.176,    2.915,    0.915

WHOLE-SEQ,>sample30,   0.38,   0.38,  263, 100.00, 14.45,  0.38,  0.76,  0.38,  3.04,  1.52,  1.90,  3.42,  1.90, 18.63,  1.90,  4.94,  7.98, 18.25,  1.52,  6.08,  3.80,  6.08,  0.00,  3.04,   3.42,   1.14,   2.28,   4.56,   6.08, 10.14,   0.523,   0.023,   0.282,  -0.123,    3.577,    0.966
WIN21-MAX,>sample30,  14.29,   4.76,   21, 100.00, 33.33,  4.76,  4.76,  4.76,  9.52,  9.52,  9.52, 14.29, 14.29, 33.33,  9.52, 14.29, 23.81, 42.86,  4.76, 19.05, 14.29, 14.29,  0.00,  9.52,  14.29,   4.76,  14.29,  14.29,  14.29, 14.00,   0.762,   0.143,   0.971,   0.042,    3.690,    1.114
WIN21-MIN,>sample30,  -4.76,  -4.76,   21, 100.00,  0.00,  0.00,  0.00,  0.00,  0.00,  0.00,  0.00,  0.00,  0.00,  0.00,  0.00,  0.00,  0.00,  0.00,  0.00,  0.00,  0.00,  0.00,  0.00,  0.00,   0.00,   0.00,  -4.76,   0.00,   0.00,  1.00,   0.387,   0.000,  -0.147,  -0.251,    2.390,    0.807
WIN51-MAX,>sample30,   5.88,   3.92,   51, 100.00, 19.61,  1.96,  3.92,  1.96,  5.88,  3.92,  5.88,  7.84,  7.84, 25.49,  3.92, 11.76, 13.73, 31.37,  3.92, 11.76,  7.84, 11.76,  0.00,  5.88,   9.80,   3.92,   9.80,   9.80,   7.84, 11.52,   0.623,   0.098,   0.568,  -0.074,    3.650,    1.030
WIN51-MIN,>sample30,  -1.96,  -1.96,   51, 100.00,  0.00,  0.00,  0.00,  0.00,  0.00,  0.00,  0.00,  0.00,  0.00,  0.00,  0.00,  0.00,  0.00,  0.00,  0.00,  0.00,  0.00,  0.00,  0.00,  0.00,   0.00,   0.00,  -3.92,   0.00,   1.96,  1.00,   0.436,   0.000,   0.001,  -0.174,    2.995,    0.904

WHOLE-SEQ,>sample31,  -0.76,  -0.76,  263, 100.00, 14.07,  0.38,  1.14,  1.90,  3.04,  1.14,  1.14,  3.42,  0.76, 19.01,  1.90,  4.94,  8.37, 18.25,  1.52,  5.70,  3.80,  6.46,  0.00,  3.04,   2.28,   3.04,  -0.76,   5.32,   6.08,  6.08,   0.525,   0.008,   0.305,  -0.126,    3.573,    0.967
WIN21-MAX,>sample31,   4.76,   4.76,   21, 100.00, 33.33,  4.76,  4.76,  9.52,  9.52,  4.76,  4.76, 14.29,  4.76, 33.33,  9.52, 14.29, 23.81, 47.62,  4.76, 19.05, 14.29, 14.29,  0.00,  9.52,   4.76,   9.52,   4.76,  14.29,  14.29, 14.00,   0.748,   0.095,   0.897,   0.051,    3.726,    1.100
WIN21-MIN,>sample31,  -4.76,  -9.52,   21, 100.00,  0.00,  0.00,  0.00,  0.00,  0.00,  0.00,  0.00,  0.00,  0.00,  0.00,  0.00,  0.00,  0.00,  0.00,  0.00,  0.00,  0.00,  0.00,  0.00,  0.00,   0.00,   0.00,  -9.52,   0.00,   0.00,  1.00,   0.386,   0.000,  -0.124,  -0.247,    2.256,    0.848
WIN51-MAX,>sample31,   0.00,   1.96,   51, 100.00, 19.61,  1.96,  3.92,  5.88,  5.88,  1.96,  3.92,  7.84,  1.96, 23.53,  3.92, 11.76, 13.73, 31.37,  3.92,  9.80,  7.84, 13.73,  0.00,  5.88,   3.92,   5.88,   3.92,   9.80,   9.80, 11.32,   0.598,   0.039,   0.494,  -0.071,    3.801,    1.014
WIN51-MIN,>sample31,  -3.92,  -5.88,   51, 100.00,  0.00,  0.00,  0.00,  0.00,  0.00,  0.00,  0.00,  0.00,  0.00,  0.00,  0.00,  0.00,  0.00,  0.00,  0.00,  0.00,  0.00,  0.00,  0.00,  0.00,   0.00,   0.00,  -3.92,   1.96,   0.00,  1.00,   0.441,   0.000,   0.038,  -0.175,    2.850,    0.916

WHOLE-SEQ,>sample32,  -0.38,   0.38,  263, 100.00, 14.07,  0.38,  1.90,  1.52,  3.42,  1.52,  1.90,  3.42,  0.38, 18.63,  1.90,  4.94,  7.98, 18.63,  0.76,  6.08,  3.04,  6.46,  0.00,  3.04,   1.14,   3.42,  -2.28,   4.56,   6.46,  5.01,   0.526,   0.023,   0.290,  -0.122,    3.572,    0.964
WIN21-MAX,>sample32,   4.76,   9.52,   21, 100.00, 28.57,  4.76,  9.52,  9.52,  9.52,  9.52,  9.52, 14.29,  4.76, 33.33,  9.52, 14.29, 23.81, 47.62,  4.76, 19.05, 14.29, 14.29,  0.00,  9.52,   4.76,   9.52,   4.76,   9.52,  14.29, 14.00,   0.762,   0.095,   0.971,   0.042,    3.690,    1.114
WIN21-MIN,>sample32,  -4.76,  -9.52,   21, 100.00,  0.00,  0.00,  0.00,  0.00,  0.00,  0.00,  0.00,  0.00,  0.00,  0.00,  0.00,  0.00,  0.00,  0.00,  0.00,  0.00,  0.00,  0.00,  0.00,  0.00,   0.00,   0.00,  -9.52,   0.00,   0.00,  1.00,   0.347,   0.000,  -0.232,  -0.251,    2.394,    0.848
WIN51-MAX,>sample32,   1.96,   7.84,   51, 100.00, 19.61,  1.96,  7.84,  5.88,  5.88,  3.92,  5.88,  7.84,  1.96, 23.53,  3.92, 11.76, 13.73, 31.37,  1.96,  9.80,  7.84, 13.73,  0.00,  5.88,   1.96,   7.84,   1.96,   7.84,   9.80, 10.09,   0.617,   0.078,   0.532,  -0.076,    3.723,    1.013
WIN51-MIN,>sample32,  -1.96,  -5.88,   51, 100.00,  0.00,  0.00,  0.00,  0.00,  0.00,  0.00,  0.00,  0.00,  0.00,  0.00,  0.00,  0.00,  0.00,  0.00,  0.00,  0.00,  0.00,  0.00,  0.00,  0.00,   0.00,   0.00,  -7.84,   0.00,   1.96,  1.00,   0.447,   0.000,   0.076,  -0.160,    2.958,    0.919

WHOLE-SEQ,>sample33,   0.76,  -0.38,  263, 100.00, 14.83,  0.38,  0.38,  0.76,  3.04,  1.52,  1.90,  3.42,  1.90, 19.39,  1.90,  4.94,  7.98, 18.25,  1.14,  5.70,  3.42,  6.46,  0.00,  2.66,   3.04,   1.14,   1.90,   4.18,   5.70, 10.07,   0.532,   0.019,   0.310,  -0.129,    3.544,    0.968
WIN21-MAX,>sample33,   9.52,   4.76,   21, 100.00, 33.33,  4.76,  4.76,  4.76,  9.52,  9.52,  4.76, 14.29,  9.52, 33.33,  9.52, 14.29, 23.81, 47.62,  9.52, 19.05, 14.29, 14.29,  0.00,  9.52,   9.52,   4.76,   9.52,  14.29,  14.29, 14.00,   0.732,   0.095,   0.839,   0.037,    3.690,    1.118
WIN21-MIN,>sample33,  -9.52,  -4.76,   21, 100.00,  0.00,  0.00,  0.00,  0.00,  0.00,  0.00,  0.00,  0.00,  0.00,  0.00,  0.00,  0.00,  0.00,  0.00,  0.00,  0.00,  0.00,  0.00,  0.00,  0.00,   0.00,   0.00,  -4.76,   0.00,   0.00,  1.00,   0.386,   0.000,  -0.084,  -0.243,    2.256,    0.854
WIN51-MAX,>sample33,   5.88,   1.96,   51, 100.00, 21.57,  1.96,  1.96,  1.96,  5.88,  3.92,  3.92,  7.84,  5.88, 25.49,  3.92, 11.76, 13.73, 31.37,  3.92, 11.76,  7.84, 13.73,  0.00,  5.88,   5.88,   3.92,   3.92,   7.84,   9.80, 14.00,   0.604,   0.039,   0.510,  -0.073,    3.733,    1.010
WIN51-MIN,>sample33,  -3.92,  -1.96,   51, 100.00,  0.00,  0.00,  0.00,  0.00,  0.00,  0.00,  0.00,  0.00,  0.00,  0.00,  0.00,  0.00,  0.00,  0.00,  0.00,  0.00,  0.00,  0.00,  0.00,  0.00,   0.00,   0.00,  -1.96,   0.00,   1.96,  4.20,   0.451,   0.000,   0.106,  -0.176,    2.850,    0.912

WHOLE-SEQ,>sample34,   0.00,   0.76,  263, 100.00, 14.45,  0.38,  1.52,  0.76,  3.42,  1.52,  1.90,  3.42,  1.14, 19.01,  1.90,  4.94,  8.37, 17.87,  1.14,  6.46,  3.04,  6.08,  0.00,  2.66,   2.28,   2.28,   0.00,   4.56,   6.08,  8.07,   0.528,   0.000,   0.319,  -0.119,    3.576,    0.960
WIN21-MAX,>sample34,   9.52,   9.52,   21, 100.00, 33.33,  4.76,  9.52,  4.76,  9.52,  9.52,  9.52, 14.29,  9.52, 33.33,  9.52, 14.29, 23.81, 42.86,  4.76, 19.05,  9.52, 14.29,  0.00,  9.52,   9.52,   9.52,   9.52,   9.52,  14.29, 14.00,   0.742,   0.095,   0.867,   0.042,    3.690,    1.099
WIN21-MIN,>sample34,  -4.76,  -4.76,   21, 100.00,  0.00,  0.00,  0.00,  0.00,  0.00,  0.00,  0.00,  0.00,  0.00,  0.00,  0.00,  0.00,  0.00,  0.00,  0.00,  0.00,  0.00,  0.00,  0.00,  0.00,   0.00,   0.00,  -9.52,   0.00,   0.00,  1.00,   0.330,   0.000,  -0.328,  -0.260,    2.256,    0.838
WIN51-MAX,>sample34,   3.92,   3.92,   51, 100.00, 21.57,  1.96,  5.88,  1.96,  5.88,  3.92,  5.88,  7.84,  3.92, 25.49,  3.92, 11.76, 13.73, 29.41,  3.92, 11.76,  5.88, 11.76,  0.00,  5.88,   5.88,   7.84,   5.88,   7.84,   9.80, 14.00,   0.615,   0.078,   0.561,  -0.063,    3.644,    1.009
WIN51-MIN,>sample34,  -3.92,  -1.96,   51, 100.00,  0.00,  0.00,  0.00,  0.00,  0.00,  0.00,  0.00,  0.00,  0.00,  0.00,  0.00,  0.00,  0.00,  0.00,  0.00,  0.00,  0.00,  0.00,  0.00,  0.00,   0.00,   0.00,  -7.84,   0.00,   1.96,  1.00,   0.451,   0.000,   0.062,  -0.170,    2.993,    0.897

WHOLE-SEQ,>sample35,  -0.76,   0.00,  263, 100.00, 14.07,  0.38,  1.90,  1.90,  3.42,  1.14,  0.76,  3.42,  0.38, 18.25,  1.90,  4.94,  8.37, 18.63,  1.14,  6.46,  3.80,  6.08,  0.00,  3.04,   1.52,   3.80,  -2.28,   5.32,   6.46,  4.39,   0.521,   0.023,   0.278,  -0.120,    3.566,    0.960
WIN21-MAX,>sample35,   4.76,   9.52,   21, 100.00, 33.33,  4.76,  9.52,  9.52,  9.52,  4.76,  4.76, 14.29,  4.76, 33.33,  9.52, 14.29, 23.81, 47.62,  9.52, 19.05, 14.29, 14.29,  0.00,  9.52,   9.52,  14.29,   4.76,  19.05,  14.29, 14.00,   0.762,   0.143,   0.971,   0.042,    3.690,    1.114
WIN21-MIN,>sample35,  -9.52,  -9.52,   21, 100.00,  0.00,  0.00,  0.00,  0.00,  0.00,  0.00,  0.00,  0.00,  0.00,  0.00,  0.00,  0.00,  0.00,  0.00,  0.00,  0.00,  0.00,  0.00,  0.00,  0.00,   0.00,   0.00, -14.29,   0.00,   0.00,  1.00,   0.363,   0.000,  -0.188,  -0.251,    2.256,    0.821
WIN51-MAX,>sample35,   1.96,   3.92,   51, 100.00, 19.61,  1.96,  5.88,  3.92,  5.88,  1.96,  3.92,  7.84,  1.96, 25.49,  3.92, 11.76, 13.73, 31.37,  3.92, 11.76,  7.84, 11.76,  0.00,  5.88,   3.92,   7.84,   1.96,  11.76,   9.80, 11.05,   0.623,   0.059,   0.585,  -0.074,    3.644,    1.017
WIN51-MIN,>sample35,  -3.92,  -3.92,   51, 100.00,  0.00,  0.00,  0.00,  0.00,  0.00,  0.00,  0.00,  0.00,  0.00,  0.00,  0.00,  0.00,  0.00,  0.00,  0.00,  0.00,  0.00,  0.00,  0.00,  0.00,   0.00,   0.00,  -5.88,   0.00,   1.96,  1.00,   0.424,   0.000,   0.002,  -0.169,    2.889,    0.900

WHOLE-SEQ,>sample36,  -0.38,   1.52,  263, 100.00, 15.21,  0.38,  2.66,  1.14,  3.42,  1.52,  1.14,  3.04,  0.38, 18.25,  1.90,  4.94,  8.37, 17.87,  0.76,  6.46,  3.42,  6.46,  0.00,  2.66,   1.14,   3.80,  -2.66,   4.94,   6.08,  4.31,   0.528,   0.027,   0.292,  -0.115,    3.557,    0.954
WIN21-MAX,>sample36,   4.76,   9.52,   21, 100.00, 33.33,  4.76,  9.52,  4.76,  9.52,  9.52,  4.76,  9.52,  4.76, 28.57,  9.52, 14.29, 23.81, 42.86,  4.76, 19.05,  9.52, 14.29,  0.00,  9.52,   4.76,   9.52,   4.76,  14.29,  14.29, 14.00,   0.681,   0.095,   0.713,   0.042,    3.690,    1.070
WIN21-MIN,>sample36,  -4.76,  -4.76,   21, 100.00,  0.00,  0.00,  0.00,  0.00,  0.00,  0.00,  0.00,  0.00,  0.00,  0.00,  0.00,  0.00,  0.00,  0.00,  0.00,  0.00,  0.00,  0.00,  0.00,  0.00,   0.00,   0.00,  -9.52,   0.00,   0.00,  1.00,   0.371,   0.000,  -0.213,  -0.211,    2.453,    0.832
WIN51-MAX,>sample36,   1.96,   5.88,   51, 100.00, 21.57,  1.96,  5.88,  3.92,  5.88,  3.92,  3.92,  5.88,  1.96, 23.53,  3.92, 11.76, 13.73, 31.37,  1.96, 11.76,  5.88, 13.73,  0.00,  5.88,   1.96,   5.88,   0.00,   7.84,   9.80,  8.20,   0.590,   0.059,   0.474,  -0.062,    3.713,    1.018
WIN51-MIN,>sample36,  -1.96,  -3.92,   51, 100.00,  0.00,  0.00,  0.00,  0.00,  0.00,  0.00,  0.00,  0.00,  0.00,  0.00,  0.00,  0.00,  0.00,  0.00,  0.00,  0.00,  0.00,  0.00,  0.00,  0.00,   0.00,   0.00,  -5.88,   0.00,   1.96,  1.00,   0.458,   0.000,   0.084,  -0.172,    3.008,    0.896

WHOLE-SEQ,>sample37,  -0.38,  -1.52,  263, 100.00, 14.45,  0.38,  0.38,  1.90,  3.04,  1.52,  1.52,  3.42,  1.14, 19.01,  1.52,  4.56,  7.98, 18.25,  1.52,  6.46,  3.42,  6.46,  0.00,  3.04,   2.66,   2.28,   0.38,   4.94,   6.08,  9.12,   0.527,   0.004,   0.313,  -0.129,    3.562,    0.969
WIN21-MAX,>sample37,   9.52,   4.76,   21, 100.00, 33.33,  4.76,  4.76,  9.52,  9.52,  9.52,  4.76, 14.29,  9.52, 33.33,  4.76, 14.29, 23.81, 47.62,  4.76, 19.05,  9.52, 14.29,  0.00,  9.52,   9.52,   9.52,   9.52,  14.29,  14.29, 14.00,   0.726,   0.095,   0.872,   0.042,    3.690,    1.090
WIN21-MIN,>sample37,  -4.76,  -9.52,   21, 100.00,  0.00,  0.00,  0.00,  0.00,  0.00,  0.00,  0.00,  0.00,  0.00,  0.00,  0.00,  0.00,  0.00,  0.00,  0.00,  0.00,  0.00,  0.00,  0.00,  0.00,   0.00,   0.00,  -9.52,   0.00,   0.00,  1.00,   0.338,   0.000,  -0.211,  -0.266,    2.256,    0.866
WIN51-MAX,>sample37,   3.92,   0.00,   51, 100.00, 21.57,  1.96,  1.96,  3.92,  5.88,  3.92,  3.92,  7.84,  3.92, 25.49,  3.92, 11.76, 13.73, 31.37,  3.92, 11.76,  5.88, 13.73,  0.00,  5.88,   3.92,   5.88,   3.92,   7.84,   9.80, 12.01,   0.609,   0.059,   0.544,  -0.080,    3.659,    1.020
WIN51-MIN,>sample37,  -3.92,  -3.92,   51, 100.00,  0.00,  0.00,  0.00,  0.00,  0.00,  0.00,  0.00,  0.00,  0.00,  0.00,  0.00,  0.00,  0.00,  0.00,  0.00,  0.00,  0.00,  0.00,  0.00,  0.00,   0.00,   0.00,  -5.88,   1.96,   1.96,  1.00,   0.421,   0.000,  -0.017,  -0.173,    2.993,    0.913

WHOLE-SEQ,>sample38,   0.38,   0.00,  263, 100.00, 14.83,  0.38,  1.52,  1.52,  3.42,  1.52,  1.52,  3.04,  1.14, 18.25,  1.90,  4.94,  7.98, 18.25,  0.76,  6.08,  3.80,  6.08,  0.00,  3.04,   1.90,   3.04,  -1.14,   4.94,   6.46,  5.91,   0.522,   0.011,   0.292,  -0.121,    3.587,    0.959
WIN21-MAX,>sample38,   4.76,   4.76,   21, 100.00, 33.33,  4.76,  4.76,  9.52,  9.52,  9.52,  4.76, 14.29,  4.76, 33.33,  9.52, 14.29, 23.81, 47.62,  4.76, 19.05, 14.29, 14.29,  0.00,  9.52,   4.76,   9.52,   4.76,  14.29,  14.29, 14.00,   0.734,   0.095,   0.859,   0.042,    3.690,    1.113
WIN21-MIN,>sample38,  -4.76,  -9.52,   21, 100.00,  0.00,  0.00,  0.00,  0.00,  0.00,  0.00,  0.00,  0.00,  0.00,  0.00,  0.00,  0.00,  0.00,  0.00,  0.00,  0.00,  0.00,  0.00,  0.00,  0.00,   0.00,   0.00,  -9.52,   0.00,   0.00,  1.00,   0.343,   0.000,  -0.242,  -0.248,    2.262,    0.857
WIN51-MAX,>sample38,   1.96,   3.92,   51, 100.00, 21.57,  1.96,  3.92,  3.92,  5.88,  3.92,  3.92,  7.84,  1.96, 23.53,  3.92, 11.76, 13.73, 31.37,  1.96,  9.80,  7.84, 11.76,  0.00,  5.88,   3.92,   5.88,   1.96,   9.80,   9.80,  9.87,   0.612,   0.059,   0.533,  -0.073,    3.720,    1.015
WIN51-MIN,>sample38,  -1.96,  -3.92,   51, 100.00,  0.00,  0.00,  0.00,  0.00,  0.00,  0.00,  0.00,  0.00,  0.00,  0.00,  0.00,  0.00,  0.00,  0.00,  0.00,  0.00,  0.00,  0.00,  0.00,  0.00,   0.00,   0.00,  -5.88,   0.00,   1.96,  1.00,   0.409,   0.000,  -0.051,  -0.160,    3.008,    0.896

WHOLE-SEQ,>sample39,  -0.76,   0.00,  263, 100.00, 14.45,  0.38,  1.90,  1.90,  3.42,  1.52,  1.14,  3.42,  0.38, 18.25,  1.52,  4.94,  7.98, 18.63,  1.14,  6.08,  3.80,  6.46,  0.00,  2.66,   1.52,   3.80,  -2.28,   5.32,   6.08,  4.59,   0.523,   0.023,   0.283,  -0.121,    3.571,    0.961
WIN21-MAX,>sample39,   0.00,   9.52,   21, 100.00, 33.33,  4.76,  9.52,  9.52,  9.52,  9.52,  4.76, 14.29,  4.76, 28.57,  9.52, 14.29, 23.81, 47.62,  4.76, 19.05, 14.29, 14.29,  0.00,  9.52,   9.52,  14.29,   9.52,  14.29,  14.29, 14.00,   0.718,   0.143,   0.801,   0.042,    3.785,    1.105
WIN21-MIN,>sample39,  -4.76,  -9.52,   21, 100.00,  0.00,  0.00,  0.00,  0.00,  0.00,  0.00,  0.00,  0.00,  0.00,  0.00,  0.00,  0.00,  0.00,  0.00,  0.00,  0.00,  0.00,  0.00,  0.00,  0.00,   0.00,   0.00, -14.29,   0.00,   0.00,  1.00,   0.386,   0.000,  -0.077,  -0.243,    2.262,    0.848
WIN51-MAX,>sample39,   0.00,   3.92,   51, 100.00, 21.57,  1.96,  5.88,  3.92,  5.88,  3.92,  3.92,  7.84,  1.96, 23.53,  3.92, 11.76, 13.73, 31.37,  3.92, 11.76,  7.84, 13.73,  0.00,  5.88,   3.92,   9.80,   1.96,   9.80,   9.80, 11.20,   0.605,   0.098,   0.533,  -0.063,    3.770,    1.011
WIN51-MIN,>sample39,  -3.92,  -3.92,   51, 100.00,  0.00,  0.00,  0.00,  0.00,  0.00,  0.00,  0.00,  0.00,  0.00,  0.00,  0.00,  0.00,  0.00,  0.00,  0.00,  0.00,  0.00,  0.00,  0.00,  0.00,   0.00,   0.00,  -9.80,   1.96,   1.96,  1.00,   0.445,   0.000,   0.050,  -0.163,    2.986,    0.906

WHOLE-SEQ,>sample40,  -0.38,  -1.52,  263, 100.00, 14.07,  0.38,  1.14,  2.66,  3.42,  1.52,  1.52,  3.42,  0.38, 18.63,  1.90,  4.18,  7.98, 18.63,  0.76,  6.46,  3.42,  6.46,  0.00,  3.04,   1.14,   3.80,  -2.66,   4.94,   6.46,  4.67,   0.528,   0.027,   0.292,  -0.127,    3.568,    0.968
WIN21-MAX,>sample40,   4.76,   4.76,   21, 100.00, 28.57,  4.76,  4.76, 14.29,  9.52,  9.52,  9.52, 14.29,  4.76, 33.33,  9.52, 14.29, 23.81, 47.62,  4.76, 19.05, 14.29, 14.29,  0.00,  9.52,   4.76,  19.05,   4.76,  23.81,  14.29, 14.00,   0.747,   0.143,   0.896,   0.066,    3.785,    1.090
WIN21-MIN,>sample40,  -4.76,  -9.52,   21, 100.00,  0.00,  0.00,  0.00,  0.00,  0.00,  0.00,  0.00,  0.00,  0.00,  0.00,  0.00,  0.00,  0.00,  0.00,  0.00,  0.00,  0.00,  0.00,  0.00,  0.00,   0.00,   0.00, -14.29,   0.00,   0.00,  1.00,   0.386,   0.000,  -0.199,  -0.261,    2.262,    0.845
WIN51-MAX,>sample40,   1.96,   3.92,   51, 100.00, 17.65,  1.96,  3.92,  5.88,  5.88,  3.92,  5.88,  7.84,  1.96, 25.49,  3.92,  9.80, 13.73, 31.37,  1.96, 11.76,  7.84, 13.73,  0.00,  5.88,   1.96,   7.84,   0.00,   9.80,   9.80,  9.31,   0.606,   0.059,   0.497,  -0.063,    3.733,    1.018
WIN51-MIN,>sample40,  -1.96,  -3.92,   51, 100.00,  0.00,  0.00,  0.00,  0.00,  0.00,  0.00,  0.00,  0.00,  0.00,  0.00,  0.00,  0.00,  0.00,  0.00,  0.00,  0.00,  0.00,  0.00,  0.00,  0.00,   0.00,   0.00,  -5.88,   0.00,   1.96,  1.00,   0.447,   0.000,   0.053,  -0.167,    2.945,    0.905

WHOLE-SEQ,>sample41,  -0.38,  -0.38,  263, 100.00, 14.45,  0.38,  1.52,  1.90,  3.42,  1.52,  1.52,  3.04,  0.38, 17.11,  1.90,  4.94,  8.37, 19.01,  0.76,  6.46,  3.80,  6.46,  0.00,  3.04,   1.14,   3.42,  -2.28,   4.56,   6.46,  4.79,   0.516,   0.023,   0.264,  -0.116,    3.579,    0.958
WIN21-MAX,>sample41,   4.76,   9.52,   21, 100.00, 33.33,  4.76,  9.52,  9.52,  9.52,  9.52,  4.76, 14.29,  4.76, 28.57,  9.52, 14.29, 23.81, 47.62,  4.76, 19.05, 14.29, 14.29,  0.00,  9.52,   4.76,  14.29,   4.76,  14.29,  14.29, 14.00,   0.723,   0.143,   0.829,   0.050,    3.690,    1.096
WIN21-MIN,>sample41,  -4.76,  -9.52,   21, 100.00,  0.00,  0.00,  0.00,  0.00,  0.00,  0.00,  0.00,  0.00,  0.00,  0.00,  0.00,  0.00,  0.00,  0.00,  0.00,  0.00,  0.00,  0.00,  0.00,  0.00,   0.00,   0.00, -14.29,   0.00,   0.00,  1.00,   0.358,   0.000,  -0.203,  -0.245,    2.256,    0.824
WIN51-MAX,>sample41,   1.96,   1.96,   51, 100.00, 19.61,  1.96,  5.88,  3.92,  5.88,  3.92,  3.92,  7.84,  1.96, 25.49,  3.92, 11.76, 13.73, 31.37,  1.96, 11.76,  7.84, 13.73,  0.00,  5.88,   1.96,   9.80,   0.00,   9.80,   9.80,  9.31,   0.592,   0.098,   0.474,  -0.063,    3.770,    1.018
WIN51-MIN,>sample41,  -1.96,  -3.92,   51, 100.00,  0.00,  0.00,  0.00,  0.00,  0.00,  0.00,  0.00,  0.00,  0.00,  0.00,  0.00,  0.00,  0.00,  0.00,  0.00,  0.00,  0.00,  0.00,  0.00,  0.00,   0.00,   0.00,  -9.80,   0.00,   1.96,  1.00,   0.414,   0.000,  -0.063,  -0.171,    2.889,    0.888

WHOLE-SEQ,>sample42,  -1.52,   0.38,  263, 100.00, 14.45,  0.38,  0.76,  0.38,  3.42,  1.52,  1.52,  3.04,  1.14, 19.01,  1.52,  4.56,  7.60, 18.63,  2.66,  6.46,  3.80,  6.46,  0.00,  2.66,   3.80,   1.14,   2.66,   4.94,   6.08, 10.52,   0.524,   0.027,   0.283,  -0.128,    3.549,    0.969
WIN21-MAX,>sample42,   4.76,   9.52,   21, 100.00, 33.33,  4.76,  9.52,  4.76,  9.52,  9.52,  4.76,  9.52,  4.76, 33.33,  9.52, 14.29, 19.05, 47.62,  4.76, 19.05, 14.29, 14.29,  0.00,  9.52,   9.52,  14.29,   9.52,  14.29,  14.29, 14.00,   0.722,   0.143,   0.813,   0.050,    3.785,    1.091
WIN21-MIN,>sample42,  -4.76,  -4.76,   21, 100.00,  0.00,  0.00,  0.00,  0.00,  0.00,  0.00,  0.00,  0.00,  0.00,  0.00,  0.00,  0.00,  0.00,  0.00,  0.00,  0.00,  0.00,  0.00,  0.00,  0.00,   0.00,   0.00, -14.29,   0.00,   0.00,  1.00,   0.342,   0.000,  -0.247,  -0.239,    2.256,    0.841
WIN51-MAX,>sample42,   0.00,   1.96,   51, 100.00, 21.57,  1.96,  3.92,  1.96,  5.88,  3.92,  3.92,  5.88,  1.96, 25.49,  3.92,  9.80, 11.76, 31.37,  3.92, 11.76,  7.84, 13.73,  0.00,  5.88,   5.88,   5.88,   5.88,  11.76,   9.80, 14.00,   0.588,   0.059,   0.467,  -0.066,    3.785,    1.033
WIN51-MIN,>sample42,  -3.92,  -1.96,   51, 100.00,  0.00,  0.00,  0.00,  0.00,  0.00,  0.00,  0.00,  0.00,  0.00,  0.00,  0.00,  0.00,  0.00,  0.00,  0.00,  0.00,  0.00,  0.00,  0.00,  0.00,   1.96,   0.00,  -3.92,   1.96,   1.96,  4.44,   0.456,   0.000,   0.100,  -0.173,    2.906,    0.914

WHOLE-SEQ,>sample43,  -1.52,  -1.14,  263, 100.00, 14.45,  0.38,  0.00,  1.14,  2.66,  1.52,  1.90,  3.04,  0.76, 19.01,  1.52,  4.94,  8.37, 19.01,  2.28,  6.08,  3.80,  6.08,  0.00,  3.04,   3.04,   1.14,   1.90,   4.18,   5.70, 10.15,   0.518,   0.019,   0.272,  -0.124,    3.519,    0.961
WIN21-MAX,>sample43,   4.76,   0.00,   21, 100.00, 33.33,  4.76,  0.00,  4.76,  9.52,  9.52,  9.52,  9.52,  4.76, 33.33,  4.76, 14.29, 23.81, 47.62,  9.52, 19.05, 14.29, 14.29,  0.00,  9.52,  14.29,   4.76,  14.29,  14.29,  14.29, 14.00,   0.703,   0.143,   0.760,   0.042,    3.690,    1.054
WIN21-MIN,>sample43,  -9.52,  -4.76,   21, 100.00,  0.00,  0.00,  0.00,  0.00,  0.00,  0.00,  0.00,  0.00,  0.00,  0.00,  0.00,  0.00,  0.00,  0.00,  0.00,  0.00,  0.00,  0.00,  0.00,  0.00,   0.00,   0.00,  -4.76,   0.00,   0.00,  1.00,   0.343,   0.000,  -0.244,  -0.237,    2.167,    0.848
WIN51-MAX,>sample43,   0.00,   0.00,   51, 100.00, 19.61,  1.96,  0.00,  3.92,  5.88,  3.92,  5.88,  5.88,  1.96, 25.49,  3.92, 11.76, 13.73, 31.37,  5.88, 11.76,  7.84, 11.76,  0.00,  5.88,   5.88,   3.92,   3.92,   7.84,   9.80, 12.02,   0.588,   0.039,   0.465,  -0.069,    3.659,    1.013
WIN51-MIN,>sample43,  -5.88,  -3.92,   51, 100.00,  0.00,  0.00,  0.00,  0.00,  0.00,  0.00,  0.00,  0.00,  0.00,  0.00,  0.00,  0.00,  0.00,  0.00,  0.00,  0.00,  0.00,  0.00,  0.00,  0.00,   0.00,   0.00,  -1.96,   0.00,   0.00,  1.00,   0.415,   0.000,  -0.004,  -0.173,    2.954,    0.907

WHOLE-SEQ,>sample44,  -0.38,  -1.52,  263, 100.00, 14.45,  0.38,  0.76,  2.28,  2.66,  1.14,  1.52,  3.42,  0.76, 19.39,  1.90,  4.94,  8.37, 18.63,  1.14,  5.70,  3.80,  6.08,  0.00,  2.66,   1.90,   3.04,  -1.14,   4.94,   5.32,  5.92,   0.524,   0.011,   0.298,  -0.127,    3.543,    0.959
WIN21-MAX,>sample44,   4.76,   4.76,   21, 100.00, 28.57,  4.76,  4.76,  9.52,  9.52,  4.76,  9.52, 14.29,  4.76, 33.33,  9.52, 14.29, 23.81, 42.86,  4.76, 19.05, 14.29, 14.29,  0.00,  9.52,   9.52,  14.29,   4.76,  19.05,  14.29, 14.00,   0.729,   0.095,   0.844,   0.060,    3.785,    1.080
WIN21-MIN,>sample44,  -4.76,  -9.52,   21, 100.00,  0.00,  0.00,  0.00,  0.00,  0.00,  0.00,  0.00,  0.00,  0.00,  0.00,  0.00,  0.00,  0.00,  0.00,  0.00,  0.00,  0.00,  0.00,  0.00,  0.00,   0.00,   0.00,  -9.52,   0.00,   0.00,  1.00,   0.387,   0.000,  -0.119,  -0.250,    2.390,    0.810
WIN51-MAX,>sample44,   3.92,   1.96,   51, 100.00, 19.61,  1.96,  3.92,  5.88,  3.92,  1.96,  5.88,  7.84,  3.92, 25.49,  3.92, 11.76, 13.73, 31.37,  3.92,  9.80,  7.84, 13.73,  0.00,  5.88,   3.92,   9.80,   0.00,  13.73,   7.84,  8.45,   0.586,   0.059,   0.462,  -0.064,    3.848,    1.017
WIN51-MIN,>sample44,  -3.92,  -3.92,   51, 100.00,  0.00,  0.00,  0.00,  0.00,  0.00,  0.00,  0.00,  0.00,  0.00,  0.00,  0.00,  0.00,  0.00,  0.00,  0.00,  0.00,  0.00,  0.00,  0.00,  0.00,   0.00,   0.00,  -5.88,   0.00,   1.96,  1.00,   0.452,   0.000,   0.048,  -0.169,    2.958,    0.887

WHOLE-SEQ,>sample45,  -0.38,   1.14,  263, 100.00, 15.21,  0.38,  2.66,  1.52,  3.42,  1.52,  0.76,  3.42,  0.38, 19.01,  1.52,  3.80,  7.98, 18.63,  0.76,  6.08,  3.42,  6.46,  0.00,  3.04,   1.14,   4.18,  -3.04,   5.32,   6.46,  4.06,   0.534,   0.030,   0.305,  -0.126,    3.528,    0.964
WIN21-MAX,>sample45,   4.76,   9.52,   21, 100.00, 33.33,  4.76,  9.52,  9.52,  9.52,  9.52,  4.76, 14.29,  4.76, 33.33,  9.52,  9.52, 23.81, 47.62,  4.76, 19.05, 14.29, 14.29,  0.00,  9.52,   4.76,  14.29,   4.76,  19.05,  14.29, 14.00,   0.762,   0.143,   0.971,   0.063,    3.690,    1.114
WIN21-MIN,>sample45,  -4.76,  -9.52,   21, 100.00,  0.00,  0.00,  0.00,  0.00,  0.00,  0.00,  0.00,  0.00,  0.00,  0.00,  0.00,  0.00,  0.00,  0.00,  0.00,  0.00,  0.00,  0.00,  0.00,  0.00,   0.00,   0.00, -14.29,   0.00,   0.00,  1.00,   0.384,   0.000,  -0.129,  -0.251,    2.256,    0.848
WIN51-MAX,>sample45,   1.96,   5.88,   51, 100.00, 21.57,  1.96,  5.88,  3.92,  5.88,  3.92,  1.96,  7.84,  1.96, 23.53,  3.92,  7.84, 13.73, 31.37,  1.96, 11.76,  7.84, 13.73,  0.00,  5.88,   1.96,   9.80,   1.96,   9.80,   9.80, 11.05,   0.612,   0.098,   0.513,  -0.066,    3.668,    1.017
WIN51-MIN,>sample45,  -1.96,  -1.96,   51, 100.00,  0.00,  0.00,  0.00,  0.00,  0.00,  0.00,  0.00,  0.00,  0.00,  0.00,  0.00,  0.00,  0.00,  0.00,  0.00,  0.00,  0.00,  0.00,  0.00,  0.00,   0.00,   0.00,  -9.80,   1.96,   1.96,  1.00,   0.462,   0.000,   0.096,  -0.171,    2.889,    0.902

WHOLE-SEQ,>sample46,   0.00,   1.52,  263, 100.00, 14.45,  0.38,  2.28,  0.76,  3.42,  1.52,  1.14,  3.42,  0.76, 18.63,  1.90,  4.94,  7.60, 18.25,  0.76,  6.46,  3.80,  6.46,  0.00,  3.04,   1.52,   3.04,  -1.52,   4.56,   6.46,  4.93,   0.530,   0.015,   0.310,  -0.122,    3.566,    0.967
WIN21-MAX,>sample46,   4.76,   9.52,   21, 100.00, 33.33,  4.76,  9.52,  4.76,  9.52,  9.52,  4.76, 14.29,  4.76, 33.33,  9.52, 14.29, 19.05, 42.86,  4.76, 19.05, 14.29, 14.29,  0.00,  9.52,   4.76,  14.29,   4.76,  14.29,  14.29, 14.00,   0.762,   0.143,   0.971,   0.035,    3.785,    1.114
WIN21-MIN,>sample46,  -4.76,  -4.76,   21, 100.00,  0.00,  0.00,  0.00,  0.00,  0.00,  0.00,  0.00,  0.00,  0.00,  0.00,  0.00,  0.00,  0.00,  0.00,  0.00,  0.00,  0.00,  0.00,  0.00,  0.00,   0.00,   0.00, -14.29,   0.00,   0.00,  1.00,   0.347,   0.000,  -0.280,  -0.251,    2.256,    0.845
WIN51-MAX,>sample46,   1.96,   5.88,   51, 100.00, 19.61,  1.96,  7.84,  1.96,  5.88,  3.92,  3.92,  7.84,  1.96, 25.49,  3.92, 11.76, 11.76, 31.37,  3.92, 11.76,  7.84, 13.73,  0.00,  5.88,   3.92,   9.80,   3.92,   9.80,   9.80, 11.32,   0.603,   0.098,   0.490,  -0.062,    3.708,    1.018
WIN51-MIN,>sample46,  -3.92,  -1.96,   51, 100.00,  0.00,  0.00,  0.00,  0.00,  0.00,  0.00,  0.00,  0.00,  0.00,  0.00,  0.00,  0.00,  0.00,  0.00,  0.00,  0.00,  0.00,  0.00,  0.00,  0.00,   0.00,   0.00,  -9.80,   0.00,   1.96,  1.00,   0.461,   0.000,   0.053,  -0.168,    2.956,    0.895

WHOLE-SEQ,>sample47,  -0.38,  -0.76,  263, 100.00, 14.07,  0.38,  1.14,  1.90,  3.42,  1.52,  1.52,  3.42,  0.76, 18.63,  1.90,  4.56,  8.37, 18.25,  1.14,  6.08,  3.80,  6.08,  0.00,  3.04,   1.90,   3.04,  -1.14,   4.94,   6.46,  5.92,   0.525,   0.011,   0.299,  -0.122,    3.590,    0.964
WIN21-MAX,>sample47,   4.76,   4.76,   21, 100.00, 33.33,  4.76,  4.76,  9.52,  9.52,  9.52,  4.76, 14.29,  4.76, 33.33,  9.52, 14.29, 23.81, 42.86,  9.52, 19.05, 14.29, 14.29,  0.00,  9.52,   9.52,  14.29,   9.52,  14.29,  14.29, 14.00,   0.734,   0.143,   0.859,   0.042,    3.690,    1.113
WIN21-MIN,>sample47,  -9.52,  -4.76,   21, 100.00,  0.00,  0.00,  0.00,  0.00,  0.00,  0.00,  0.00,  0.00,  0.00,  0.00,  0.00,  0.00,  0.00,  0.00,  0.00,  0.00,  0.00,  0.00,  0.00,  0.00,   0.00,   0.00, -14.29,   0.00,   0.00,  1.00,   0.365,   0.000,  -0.183,  -0.248,    2.453,    0.823
WIN51-MAX,>sample47,   1.96,   1.96,   51, 100.00, 19.61,  1.96,  3.92,  3.92,  5.88,  3.92,  3.92,  7.84,  1.96, 25.49,  3.92,  9.80, 13.73, 31.37,  3.92, 11.76,  7.84, 13.73,  0.00,  5.88,   3.92,   5.88,   3.92,   9.80,   9.80, 14.00,   0.612,   0.039,   0.533,  -0.074,    3.659,    1.019
WIN51-MIN,>sample47,  -3.92,  -3.92,   51, 100.00,  0.00,  0.00,  0.00,  0.00,  0.00,  0.00,  0.00,  0.00,  0.00,  0.00,  0.00,  0.00,  0.00,  0.00,  0.00,  0.00,  0.00,  0.00,  0.00,  0.00,   0.00,   0.00,  -3.92,   0.00,   1.96,  1.00,   0.441,   0.000,   0.038,  -0.176,    2.915,    0.891

WHOLE-SEQ,>sample48,  -1.14,  -0.76,  263, 100.00, 14.45,  0.38,  0.76,  1.52,  3.42,  1.52,  1.90,  3.42,  0.38, 18.63,  1.90,  4.56,  7.98, 18.25,  1.52,  6.46,  3.42,  6.46,  0.00,  3.04,   1.90,   2.28,  -0.38,   4.18,   6.46,  6.93,   0.529,   0.004,   0.319,  -0.127,    3.569,    0.970
WIN21-MAX,>sample48,   4.76,   4.76,   21, 100.00, 28.57,  4.76,  4.76, 14.29,  9.52,  9.52,  4.76, 14.29,  4.76, 33.33,  9.52, 14.29, 23.81, 47.62,  9.52, 19.05, 14.29, 14.29,  0.00,  9.52,  14.29,  14.29,  14.29,  19.05,  14.29, 14.00,   0.753,   0.143,   0.947,   0.035,    3.594,    1.122
WIN21-MIN,>sample48,  -9.52, -14.29,   21, 100.00,  0.00,  0.00,  0.00,  0.00,  0.00,  0.00,  0.00,  0.00,  0.00,  0.00,  0.00,  0.00,  0.00,  0.00,  0.00,  0.00,  0.00,  0.00,  0.00,  0.00,   0.00,   0.00, -14.29,   0.00,   0.00,  1.00,   0.347,   0.000,  -0.232,  -0.255,    2.394,    0.845
WIN51-MAX,>sample48,   1.96,   1.96,   51, 100.00, 21.57,  1.96,  1.96,  5.88,  5.88,  3.92,  3.92,  7.84,  1.96, 25.49,  3.92, 11.76, 11.76, 29.41,  3.92, 11.76,  7.84, 13.73,  0.00,  5.88,   5.88,   7.84,   3.92,  13.73,   9.80, 12.02,   0.602,   0.059,   0.483,  -0.085,    3.826,    1.020
WIN51-MIN,>sample48,  -3.92,  -5.88,   51, 100.00,  0.00,  0.00,  0.00,  0.00,  0.00,  0.00,  0.00,  0.00,  0.00,  0.00,  0.00,  0.00,  0.00,  0.00,  0.00,  0.00,  0.00,  0.00,  0.00,  0.00,   0.00,   0.00,  -5.88,   0.00,   1.96,  1.00,   0.444,   0.000,   0.065,  -0.167,    3.024,    0.903

WHOLE-SEQ,>sample49,  -1.90,  -0.76,  263, 100.00, 15.21,  0.38,  0.00,  0.76,  3.42,  1.14,  1.52,  3.04,  1.14, 18.25,  1.90,  4.94,  8.37, 18.25,  3.04,  6.08,  3.42,  6.08,  0.00,  3.04,   4.18,   0.76,   3.42,   4.94,   6.46, 10.76,   0.520,   0.034,   0.264,  -0.127,    3.539,    0.963
WIN21-MAX,>sample49,   4.76,   0.00,   21, 100.00, 33.33,  4.76,  0.00,  4.76,  9.52,  9.52,  4.76,  9.52,  4.76, 33.33,  9.52, 14.29, 23.81, 47.62,  9.52, 19.05,  9.52, 14.29,  0.00,  9.52,  14.29,   4.76,  14.29,  19.05,  14.29, 14.00,   0.721,   0.143,   0.857,   0.042,    3.690,    1.080
WIN21-MIN,>sample49,  -9.52,  -4.76,   21, 100.00,  0.00,  0.00,  0.00,  0.00,  0.00,  0.00,  0.00,  0.00,  0.00,  0.00,  0.00,  0.00,  0.00,  0.00,  0.00,  0.00,  0.00,  0.00,  0.00,  0.00,   0.00,   0.00,  -4.76,   0.00,   0.00,  1.00,   0.366,   0.000,  -0.180,  -0.231,    2.256,    0.824
WIN51-MAX,>sample49,   1.96,   0.00,   51, 100.00, 21.57,  1.96,  0.00,  1.96,  5.88,  3.92,  3.92,  5.88,  1.96, 23.53,  3.92, 11.76, 13.73, 31.37,  7.84, 11.76,  5.88, 11.76,  0.00,  5.88,   9.80,   1.96,   9.80,  11.76,   9.80, 14.00,   0.607,   0.098,   0.538,  -0.066,    3.659,    1.016
WIN51-MIN,>sample49,  -7.84,  -1.96,   51, 100.00,  0.00,  0.00,  0.00,  0.00,  0.00,  0.00,  0.00,  0.00,  0.00,  0.00,  0.00,  0.00,  0.00,  0.00,  0.00,  0.00,  0.00,  0.00,  0.00,  0.00,   0.00,   0.00,  -1.96,   1.96,   1.96,  6.31,   0.442,   0.000,   0.003,  -0.184,    2.928,    0.918

SUMS, for this set of seqs, overall K minus R and D minus E percentages = -0.449 -0.304

SUMS, for this set of seqs, overall K R D E percentages = 0.9125 1.3612 1.0722 1.3764
